1559 112 111 110 113 115 114 109 116 108 107 117 104 105 118 120 119 106 121 122 583 123 584 585 586 125
1560 116 113 115 117 118 112 114 111 110 119 105 107 120 104 108 121 106 109 122 123 124 583 125 582 584
1561 116 118 112 115 117 113 110 114 119 111 121 120 122 123 107 109 124 108 125 126 106 127 584 585 578
1562 115 116 117 112 113 118 110 111 114 119 120 107 121 108 106 122 109 123 124 125 126 127 583 578 580
1563 116 118 117 115 113 120 119 112 121 114 122 110 111 123 107 124 125 105 109 126 127 108 581 583 580
1564 114 115 116 117 118 112 113 110 119 111 120 121 122 123 107 109 124 108 106 125 105 126 127 577 578
1565 117 116 118 115 114 120 119 111 121 112 113 122 123 124 110 109 125 107 108 126 106 127 105 576 577
1566 115 117 116 118 120 119 114 121 122 123 124 113 111 112 110 125 126 127 109 107 108 128 106 129 131
1567 120 118 117 116 119 115 122 114 121 123 124 113 112 125 111 126 109 110 127 107 108 106 129 105 128
1568 120 121 122 119 123 118 117 124 116 115 125 126 127 114 113 112 129 111 130 128 110 131 107 132 109
1569 122 121 120 119 123 118 117 124 115 116 126 125 127 114 113 112 128 111 129 130 110 131 132 108 105
1570 122 123 121 120 124 119 118 125 116 126 117 127 115 128 129 130 114 113 131 112 111 132 110 133 108
1571 123 124 122 121 125 127 120 117 118 119 126 116 115 129 131 114 130 113 128 112 132 111 133 110 134
1572 125 124 126 127 128 123 129 130 131 122 132 121 133 118 117 120 119 116 115 134 135 114 113 136 111
1573 127 125 126 124 129 128 130 131 132 123 133 134 122 121 135 117 120 118 119 116 136 115 114 113 137
1574 127 129 128 126 125 130 131 124 132 133 134 123 135 136 122 118 119 117 121 116 120 137 138 114 115
1575 128 129 127 130 131 126 125 133 132 124 135 134 136 123 137 117 118 119 122 116 138 121 120 139 115
1576 130 129 131 132 133 134 128 127 135 126 136 125 124 137 138 123 139 122 119 117 121 118 116 120 140
1577 131 132 133 134 135 136 130 137 127 129 138 128 139 123 126 125 122 140 121 120 124 119 141 118 116
1578 132 133 134 131 135 136 130 137 138 128 127 129 139 126 140 125 123 122 141 120 124 121 119 142 118
1579 133 134 132 136 135 131 130 137 138 139 128 127 140 129 126 125 141 123 122 124 120 142 121 119 118
1580 134 133 136 135 132 137 138 131 130 139 127 140 128 141 126 125 129 123 122 120 142 124 121 119 118
1581 135 134 136 137 133 138 132 139 131 130 140 128 141 127 129 126 122 142 125 123 121 120 119 124 143
1582 136 137 135 138 134 133 139 132 131 140 130 141 142 128 129 143 127 126 125 122 144 1366 1367 1365 123
1583 137 138 136 139 135 134 133 140 141 132 131 130 142 128 143 129 127 126 125 123 122 144 121 124 1368
1584 138 139 137 136 141 140 134 135 133 142 131 143 132 130 144 128 129 146 127 126 145 122 123 121 125
1585 140 139 141 142 143 138 137 144 135 134 136 133 131 132 146 130 145 127 128 120 123 125 119 121 126
1586 141 140 142 139 138 143 137 136 135 144 134 133 131 132 146 130 145 128 129 122 127 123 126 121 147
1587 142 141 143 140 139 144 138 137 136 146 135 134 145 133 132 147 131 130 148 128 129 123 127 122 126
1588 143 142 141 140 144 139 146 138 145 137 136 135 147 132 134 133 131 148 129 130 149 128 150 476 475
1589 144 143 142 146 141 140 145 139 138 147 148 137 136 134 135 132 133 131 149 150 129 130 128 475 474
1590 145 146 144 143 147 142 141 148 140 139 138 149 136 137 150 135 134 133 131 132 151 130 128 129 152
1591 146 144 143 145 142 147 141 148 140 139 149 134 135 136 138 137 133 131 150 132 130 152 151 122 468
1592 147 146 148 145 150 149 143 144 142 151 152 141 140 139 137 138 136 135 134 131 132 130 153 133 129
1593 148 147 149 146 150 151 145 152 144 143 153 154 142 155 141 140 139 131 134 135 137 136 132 138 133
1594 149 147 151 150 148 152 146 153 145 154 155 144 143 156 142 141 140 159 158 160 139 157 138 465 505
1595 151 152 150 153 148 147 149 154 146 155 145 156 157 144 143 142 158 159 160 141 161 140 137 139 904
1596 152 151 153 150 154 148 155 147 149 146 156 145 157 144 158 143 142 141 159 139 140 160 135 138 137
1597 152 151 153 150 154 155 147 156 148 149 146 157 145 158 159 144 143 142 140 141 160 139 161 162 488
1598 153 154 152 155 151 156 150 149 157 148 158 147 159 146 160 145 144 142 143 161 141 474 472 471 501
1599 155 154 153 156 157 152 151 158 150 159 160 149 148 147 146 145 144 143 142 161 476 162 475 473 472
1600 155 156 157 154 158 153 159 152 151 160 150 149 161 162 148 147 146 145 144 163 143 474 485 472 484
1601 157 156 158 155 159 154 153 160 151 150 152 161 162 148 147 163 146 145 164 474 473 149 486 472 482
1602 158 157 159 156 160 155 161 154 153 162 152 151 150 163 164 148 146 147 165 473 166 474 472 149 494
1603 159 158 160 157 161 156 162 155 154 163 153 152 164 151 150 165 166 148 473 147 474 481 167 480 472
1604 160 159 161 158 162 157 163 156 164 155 165 154 153 152 151 150 166 167 148 170 474 481 168 149 147
1605 161 160 162 159 163 158 157 164 156 155 165 154 153 152 151 150 167 166 148 149 172 472 170 168 471
1606 162 161 163 160 164 159 165 158 157 166 156 167 155 168 154 153 152 151 150 170 169 492 471 173 171
1607 163 162 161 164 160 165 159 158 166 167 157 156 168 155 170 169 154 153 171 172 152 173 151 333 492
1608 164 165 163 162 166 161 167 160 159 168 158 169 157 170 171 156 172 173 174 155 154 153 333 152 332
1609 165 164 166 167 163 162 168 161 169 170 160 171 173 172 174 159 158 157 156 155 154 153 178 332 331
1610 166 167 165 168 164 163 169 162 170 161 171 160 172 159 173 158 157 174 156 155 331 330 150 151 178
1611 167 166 168 165 164 169 170 171 163 162 172 161 173 160 175 159 174 158 157 156 155 474 148 179 178
1612 168 169 167 170 166 165 164 171 172 163 162 161 173 160 159 174 175 158 176 157 178 179 180 156 177
1613 169 170 168 167 171 166 165 172 164 173 163 162 179 161 174 160 175 159 178 158 180 176 157 177 152
1614 170 169 171 172 168 167 173 179 166 176 174 178 165 180 164 177 175 163 181 1302 152 1300 477 457 153
1615 172 171 173 174 170 175 169 176 177 178 179 180 181 182 183 168 167 184 185 146 483 481 480 152 151
1616 172 173 171 174 176 170 175 177 178 169 179 180 181 182 183 184 185 168 167 186 478 483 154 477 479
1617 174 173 175 172 176 171 177 178 170 179 180 181 182 169 183 184 185 186 168 167 480 481 483 484 482
1618 175 174 173 172 176 177 178 171 179 180 181 170 182 169 184 183 185 186 167 168 150 151 166 149 489
1619 176 174 175 177 173 178 172 179 171 180 181 182 170 184 183 185 169 186 187 188 168 151 152 150 167
1620 177 178 176 179 175 180 174 173 181 172 182 183 184 185 171 169 186 170 188 187 168 162 154 160 158
1621 178 177 179 176 180 175 181 182 183 174 173 185 184 172 186 171 187 170 188 169 234 154 155 152 156
1622 180 179 178 181 177 182 176 183 185 184 175 174 186 173 172 187 188 171 189 170 156 153 154 155 157
1623 181 180 182 179 183 184 185 177 178 176 186 175 174 187 173 188 172 189 190 171 155 156 191 157 154
1624 182 181 183 184 180 179 185 178 177 186 176 175 187 174 188 189 173 190 191 172 154 157 155 488 158
1625 184 183 182 181 185 180 186 179 178 177 176 187 175 188 174 189 190 191 192 173 172 193 159 154 155
1626 185 184 183 186 182 181 187 180 188 189 179 190 178 177 176 191 192 175 193 194 195 174 160 155 159
1627 186 185 187 188 184 183 189 182 181 180 190 178 179 177 191 176 192 193 175 194 195 197 196 198 199
1628 188 187 189 190 186 191 192 185 193 194 195 197 196 198 180 184 179 178 199 200 181 183 182 201 158
1629 188 189 187 190 191 192 186 193 194 195 196 185 197 198 199 200 201 184 202 203 180 204 183 181 179
1630 191 190 189 192 188 193 187 194 195 196 197 186 198 199 185 200 201 202 203 204 184 206 182 183 180
1631 192 193 194 195 196 191 197 198 190 199 187 189 200 202 201 188 205 203 207 186 206 204 208 185 209
1632 194 195 193 192 196 197 198 191 200 199 201 202 203 190 206 205 187 189 188 207 208 204 209 210 186
1633 195 196 194 193 197 192 198 199 200 191 201 202 203 205 206 190 207 208 189 204 187 209 210 188 212
1634 198 197 196 199 200 201 195 202 194 203 193 204 192 206 205 207 209 210 208 191 211 212 190 189 188
1635 199 198 200 201 203 197 204 196 202 205 206 195 194 207 192 193 208 209 210 211 212 191 190 189 187
1636 201 200 199 203 198 204 202 197 196 205 195 206 194 207 192 193 208 209 210 211 191 212 190 189 188
1637 203 204 201 202 200 199 198 205 197 206 196 209 207 195 208 194 210 211 192 193 191 190 168 162 165
1638 203 201 204 200 202 205 199 198 207 206 208 209 197 196 195 194 192 193 191 169 162 161 163 190 170
1639 203 201 204 205 200 202 206 207 199 198 208 197 196 195 194 193 192 191 169 170 166 171 952 172 174
1640 203 204 205 201 202 207 199 198 206 200 208 197 196 195 194 193 192 191 163 380 172 175 174 166 171
1641 206 205 203 204 202 199 198 197 200 201 196 195 194 193 192 167 168 165 191 166 380 173 174 164 382
2432 387 382 386 385 388 384 390 389 383 391 381 392 379 393 394 395 376 375 380 397 377 399 374 398 378
2433 387 382 389 388 386 390 384 385 383 391 392 393 379 381 380 378 395 376 377 375 374 397 373 372 394
2434 385 383 382 384 386 387 388 390 389 381 391 392 380 379 376 393 378 395 375 394 377 397 374 373 396
2435 387 384 382 386 383 385 388 389 381 390 379 380 376 391 392 393 378 395 375 377 374 394 397 399 398
2436 387 384 382 388 386 389 383 385 390 381 379 380 391 392 378 376 393 375 374 377 395 397 394 373 399
2437 388 387 389 390 386 385 383 384 382 391 392 393 395 394 381 379 380 396 397 376 374 399 398 375 400
2438 389 386 388 385 390 387 391 392 383 393 384 382 394 395 396 381 397 379 380 398 399 378 400 401 374
2439 389 390 388 387 385 386 391 392 393 384 383 394 382 395 396 397 381 398 379 380 399 376 400 401 402
2440 388 387 390 389 386 385 391 392 393 384 383 394 395 382 397 396 381 379 398 380 401 400 376 377 399
2441 389 390 388 391 392 387 386 393 385 395 394 396 384 397 382 383 398 399 381 400 379 402 401 380 376
2442 389 388 387 390 391 386 392 385 394 393 395 384 396 383 382 397 398 381 399 400 379 380 402 378 401
2443 390 389 391 392 388 393 387 394 396 385 395 386 397 398 382 399 384 383 381 400 379 380 402 401 378
2444 391 390 389 393 392 394 396 395 397 388 387 398 385 386 399 384 400 383 401 402 382 403 404 406 405
2445 392 394 393 390 395 391 396 389 397 388 398 399 387 386 400 385 401 402 384 403 383 404 408 406 405
2446 393 394 396 395 392 391 390 397 389 398 388 399 387 400 386 401 402 385 403 404 381 384 383 406 380
2447 393 394 395 396 397 392 391 398 390 399 389 400 388 402 401 387 386 403 385 404 383 384 406 405 407
2448 395 394 397 396 393 392 398 399 389 390 400 391 401 388 402 387 386 403 404 405 384 383 342 385 382
2449 396 397 395 394 393 399 398 400 391 401 392 390 402 389 388 403 404 387 405 386 406 407 408 409 410
2450 397 396 398 395 394 399 400 401 392 393 402 391 390 389 403 404 388 405 406 407 408 386 387 385 409
2451 398 397 399 396 395 394 400 401 393 402 392 390 391 403 404 389 388 406 408 407 405 409 387 386 385
2452 399 398 400 397 395 396 394 401 402 392 393 391 403 390 404 408 405 407 406 389 409 388 410 411 385
2453 401 402 400 399 398 396 395 397 403 394 404 406 405 408 407 392 393 391 409 410 411 390 412 415 420
2454 401 402 400 399 403 398 397 395 404 396 394 393 406 405 392 407 408 409 391 410 411 420 418 415 422
2455 404 405 403 402 401 400 407 406 396 408 394 399 395 409 398 410 397 412 411 413 414 415 418 393 416
2456 404 403 402 405 401 406 400 407 399 396 408 409 398 395 410 397 411 412 415 413 414 420 418 416 419
2457 406 404 405 403 407 402 408 409 401 410 400 412 398 399 396 411 397 395 413 415 414 416 417 418 420
2458 407 406 408 409 405 404 410 411 403 412 402 400 413 401 414 415 398 399 396 416 417 418 397 419 420
2459 409 408 411 410 407 415 413 414 412 416 417 418 406 420 405 419 402 421 400 401 403 423 422 404 424
2460 411 412 410 409 413 414 415 416 418 417 407 420 419 421 408 405 406 402 422 424 425 400 423 403 404
2461 411 412 413 410 414 409 415 417 416 408 418 407 400 401 420 419 421 402 405 406 404 423 403 399 422
2462 413 414 415 416 410 418 412 411 417 421 419 420 409 423 422 424 426 405 402 400 401 425 404 407 403
2463 414 415 413 417 416 412 419 418 420 421 411 410 422 424 423 425 409 426 427 405 402 403 407 400 401
2464 417 415 414 418 416 413 419 421 420 422 424 423 412 411 425 426 428 429 427 410 409 402 405 403 407
2465 417 415 413 414 416 407 418 412 408 419 420 421 422 411 406 424 423 409 410 425 426 427 428 430 405
2466 414 413 417 415 412 416 420 422 421 424 418 419 411 423 410 426 427 409 428 407 430 429 431 403 405
2467 412 411 414 417 407 415 413 421 408 410 422 420 409 423 418 419 406 416 424 426 405 425 403 404 433
2468 414 412 409 420 411 419 421 422 413 408 415 405 417 416 410 407 418 424 423 404 406 427 403 433 436
2469 414 412 411 419 410 421 409 413 420 422 416 405 417 423 415 424 425 408 431 426 418 407 427 430 406
2470 414 412 411 413 410 416 409 415 421 417 422 418 420 424 423 419 425 428 426 427 430 432 429 431 435
3274 2340 2338 2343 2339 2342 2344 2341 2345 2337 2336 2346 2335 2347 2334 2348 2333 2332 2331 2330 2329 2328 2431 2327 2432 2430
3275 2344 2339 2341 2342 2343 2345 2340 2337 2346 2338 2336 2347 2348 2349 2350 2334 2335 2333 2332 2331 2330 2329 2328 2433 2432
3276 2343 2342 2345 2340 2344 2341 2339 2346 2338 2347 2337 2336 2350 2349 2348 2351 2334 2335 2333 2332 2331 2330 2329 2433 2431
3277 2339 2345 2344 2338 2340 2341 2336 2337 2346 2343 2342 2350 2335 2334 2348 2352 2351 2347 2349 2333 2332 2331 2330 2329 2431
3278 2343 2345 2344 2338 2342 2341 2340 2346 2339 2337 2347 2336 2348 2350 2352 2351 2349 2335 2334 2333 2332 2331 2330 2329 2431
3279 2345 2344 2343 2342 2341 2340 2346 2339 2338 2347 2348 2337 2349 2351 2350 2336 2352 2353 2335 2334 2333 2332 2331 2330 2329
3280 2345 2344 2343 2341 2342 2340 2346 2348 2338 2339 2337 2347 2349 2336 2350 2351 2352 2353 2354 2334 2335 2333 2332 2331 2330
3281 2345 2344 2343 2346 2342 2348 2349 2347 2350 2341 2340 2339 2338 2351 2352 2353 2337 2336 2334 2335 2354 2333 2332 2331 2355
3282 2346 2345 2347 2344 2343 2342 2341 2348 2349 2350 2340 2351 2339 2352 2338 2353 2354 2337 2336 2334 2335 2333 2355 2356 2357
3283 2346 2347 2345 2348 2349 2344 2343 2350 2341 2342 2340 2351 2352 2353 2339 2354 2338 2337 2336 2335 2334 2333 2356 2357 2332
3284 2346 2347 2348 2349 2350 2344 2345 2351 2342 2343 2352 2341 2340 2353 2354 2339 2338 2337 2336 2335 2355 2357 2356 2359 2358
3285 2347 2348 2349 2350 2344 2351 2346 2345 2352 2343 2342 2353 2354 2341 2340 2339 2338 2337 2357 2358 2355 2356 2359 2360 2336
3286 2348 2346 2347 2349 2350 2345 2352 2351 2344 2342 2343 2353 2354 2340 2341 2339 2338 2337 2358 2359 2336 2355 2357 2356 2360
3287 2348 2349 2350 2346 2347 2351 2345 2344 2352 2343 2354 2342 2353 2341 2340 2355 2339 2338 2337 2356 2358 2336 2359 2360 2357
3288 2349 2348 2350 2347 2352 2351 2345 2353 2346 2344 2354 2342 2343 2355 2341 2340 2356 2339 2338 2357 2359 2358 2360 2337 2361
3289 2350 2349 2348 2352 2351 2347 2353 2354 2346 2355 2343 2342 2344 2356 2357 2345 2340 2341 2358 2339 2338 2359 2361 2360 2337
3290 2350 2351 2349 2352 2353 2354 2348 2355 2347 2356 2346 2357 2345 2344 2342 2343 2358 2341 2340 2359 2361 2362 2360 2338 2339
3291 2351 2350 2352 2354 2353 2349 2348 2356 2347 2355 2357 2346 2345 2344 2343 2358 2342 2340 2341 2359 2361 2360 2339 2362 2338
3292 2352 2351 2353 2350 2354 2355 2349 2358 2357 2356 2348 2344 2345 2346 2347 2343 2342 2359 2341 2360 2361 2362 2363 2339 2340
3293 2353 2352 2354 2351 2355 2356 2357 2350 2349 2358 2347 2348 2346 2345 2359 2360 2342 2361 2344 2341 2340 2362 2343 2339 2363
3294 2354 2353 2355 2352 2356 2357 2351 2358 2350 2349 2348 2347 2359 2360 2346 2361 2362 2342 2343 2345 2344 2340 2341 2339 2363
3295 2354 2355 2356 2353 2352 2357 2351 2358 2350 2359 2349 2347 2360 2361 2348 2362 2346 2345 2363 2344 2342 2343 2364 2449 2340
3296 2355 2356 2354 2357 2353 2358 2352 2351 2359 2360 2350 2349 2361 2348 2362 2347 2345 2363 2346 2344 2343 2342 2364 2449 2374
3297 2356 2355 2357 2354 2353 2358 2352 2359 2351 2360 2361 2350 2349 2362 2363 2345 2348 2347 2344 2346 2343 2449 392 2342 2446
3298 2356 2357 2355 2354 2358 2353 2352 2351 2360 2359 2350 2361 2362 2349 2363 2345 2348 2346 2347 2343 2344 2446 2445 393 2449
3299 2357 2356 2355 2358 2354 2353 2352 2359 2360 2351 2350 2361 2362 2363 2347 2348 2345 2349 2344 2346 2343 2446 2445 2447 393
3300 2357 2358 2356 2359 2355 2354 2360 2353 2361 2352 2362 2363 2351 2364 2348 2347 2349 2345 2346 2350 2344 2448 395 2449 2373
3301 2359 2358 2357 2360 2356 2361 2355 2354 2362 2363 2353 2364 2352 2349 2348 2351 2350 2347 2345 2346 395 392 2446 2445 2344
3302 2359 2360 2358 2361 2357 2362 2356 2363 2355 2364 2365 2354 2353 2352 2366 2351 2373 2350 395 2449 397 2369 1012 2367 2451
3303 2360 2361 2359 2358 2362 2357 2363 2356 2364 2365 2354 2355 2353 2352 2345 2349 2348 2351 2346 2347 2350 1016 2344 1049 2366
3304 2361 2362 2360 2363 2359 2365 2364 2357 2358 2366 2355 2356 2354 2367 2368 2369 2353 2373 2352 2349 2348 2347 2350 1017 1016
3305 2362 2361 2363 2365 2360 2364 2359 2367 2358 2357 2366 2356 2355 2354 2353 2352 2374 2373 2349 2368 2369 1017 2350 1014 1018
3306 2363 2362 2364 2365 2361 2366 2360 2367 2359 2368 2358 2357 2356 2369 2355 2354 2353 2373 2375 2374 2352 2349 2347 1017 2350
3307 2364 2363 2365 2366 2367 2362 2360 2359 2368 2369 2361 2358 2370 2371 2355 2356 2357 2354 2373 2374 2372 2380 1018 1050 2375
3308 2364 2365 2366 2363 2362 2367 2360 2359 2361 2368 2369 2370 2358 2371 2355 2354 2356 2373 2372 2357 2353 2374 2377 2376 1018
3309 2365 2366 2364 2367 2363 2369 2362 2360 2368 2361 2370 2359 2371 2373 2355 2376 2358 2357 2356 2372 2374 2375 2380 1021 2381
3310 2366 2367 2365 2364 2363 2370 2368 2362 2369 2371 2361 2372 2360 2377 2355 2374 2357 2359 2358 2378 2376 2356 2375 2373 1046
3311 2367 2366 2368 2369 2365 2364 2363 2362 2370 2371 2372 2373 2374 2375 2361 2380 2376 2357 2378 2377 2360 2358 2356 2379 2359
3312 2368 2367 2369 2366 2365 2370 2363 2371 2364 2372 2373 2374 2375 2380 2357 2376 2377 2358 2379 2378 2360 2356 2355 2361 2359
3313 2369 2368 2370 2367 2371 2366 2365 2364 2372 2373 2374 2375 2376 2377 2380 2381 2363 2379 2360 2358 2357 2378 2359 2361 2350
3314 2370 2371 2369 2368 2367 2372 2366 2365 2373 2364 2375 2377 2374 2378 2381 2380 2360 2363 2359 2358 2379 2356 2357 2376 2361
3315 2371 2372 2369 2370 2373 2368 2367 2366 2375 2374 2376 2377 2378 2379 2381 2380 2361 2360 2365 2357 2355 2364 2356 2359 2358
3316 2372 2373 2371 2370 2369 2367 2368 2374 2375 2376 2377 2380 2381 2379 2378 2366 2359 2358 2360 2357 2365 1045 1046 2356 1047
3317 2373 2372 2371 2375 2374 2370 2369 2368 2367 2376 2377 2366 2378 2381 2380 2379 2360 2365 1047 2359 2361 2363 1046 2364 2389
3318 2374 2373 2375 2370 2372 2371 2376 2377 2369 2378 2368 2380 2379 2381 2362 2363 2361 2360 2382 937 2384 2383 1033 2364 2365
3319 2375 2376 2374 2373 2372 2370 2377 2371 2378 2379 2369 2368 2367 2365 2381 2364 2380 2366 2363 2358 2359 2353 2357 2362 2360
3320 2376 2375 2374 2377 2372 2373 2378 2379 2371 2370 2380 2369 2381 2366 2365 2367 2368 2363 2362 2361 2358 2357 1026 2356 1024
3321 2377 2376 2378 2375 2379 2380 2374 2381 2373 2372 2371 2366 2370 2367 2363 2369 2365 2368 2361 2364 938 936 937 934 940
3322 2378 2377 2379 2380 2381 2375 2376 2374 2373 2372 2366 2367 2371 2365 2368 2369 2370 2364 937 938 934 1001 1026 2361 1599
3323 2379 2378 2380 2377 2381 2376 2375 2374 2372 2382 2373 2366 2365 2367 2371 2363 2370 2362 1028 2368 506 504 2921 2369 943
3324 2380 2379 2381 2378 2377 2375 2376 2373 2374 2371 2382 2372 2369 1331 1333 473 1332 474 1862 1863 1864 2405 1330 153 1047
3325 2381 2378 2382 2380 2379 2377 2373 2372 2383 2369 2371 2368 2386 2384 2374 2370 2385 2375 2902 1032 1036 936 1031 2376 1862
3326 2382 2381 2380 2378 2383 2384 2386 2387 2379 2385 2388 2377 2374 2375 2389 2372 1033 1032 2371 2370 2357 2649 1045 1047 1046
3327 2383 2384 2381 2380 2382 2386 2387 2385 2379 2389 2388 2390 2378 2375 2374 2376 2373 2397 2395 811 2399 812 2396 2391 810
3328 2384 2385 2383 2382 2386 2387 2380 2388 2381 2389 2379 2390 2391 2392 2378 2398 933 2377 2393 810 2400 2399 1028 2900 1032
3329 2384 2385 2386 2387 2383 2382 2388 2389 2381 2390 2391 2392 2379 2377 2380 2393 2400 2401 2395 2399 2894 2895 2394 808 2403
3330 2386 2384 2387 2385 2388 2389 2383 2390 2382 2391 2392 2393 2381 2394 2379 2378 2395 2377 2402 2376 2400 2401 2403 2397 2380
3331 2387 2388 2389 2386 2390 2391 2384 2382 2383 2385 2394 2392 2393 2395 2381 2379 2380 2377 2376 2396 2378 2402 2894 2400 2403
3332 2388 2387 2389 2390 2391 2386 2392 2384 2382 2385 2383 2395 2396 2394 2393 2379 2381 2380 927 2377 922 2397 2378 931 928
3333 2389 2388 2390 2387 2391 2392 2395 2386 2396 2394 2393 2385 2384 2397 2381 2382 2380 927 2398 2402 928 2383 3148 2405 2401
3334 2390 2389 2388 2391 2387 2392 2395 2396 2394 2393 2397 2398 2386 2385 923 2382 922 2380 3148 2405 2383 3150 918 2403 916
3335 2391 2390 2389 2388 2395 2392 2394 2396 2387 2393 2397 2386 2385 2398 2382 2399 2383 922 2384 2381 916 926 918 914 925
3336 2392 2393 2391 2394 2390 2395 2396 2389 2388 2397 2387 2398 2399 2386 2400 923 922 2384 2385 916 918 917 919 915 2383
3337 2393 2394 2395 2391 2390 2396 2392 2397 2389 2388 2398 2387 2399 2400 2401 2386 2385 2384 922 916 921 919 914 920 915
3338 2395 2394 2396 2393 2392 2391 2397 2398 2390 2389 2388 2399 2387 2400 2401 2402 2384 2386 2385 2411 922 920 2383 916 2412
3339 2395 2394 2396 2397 2398 2393 2399 2390 2392 2400 2401 2391 2402 2389 2403 2388 2404 2387 2386 914 2409 2410 2411 2384 1331
3340 2396 2395 2397 2398 2399 2394 2400 2392 2390 2401 2391 2393 2403 2402 2404 2405 2389 2388 2387 918 2411 2488 916 922 1595
3341 2397 2396 2398 2395 2399 2394 2393 2400 2392 2401 2391 2390 2403 2402 2405 2406 2404 2388 2389 2387 2490 168 1612 926 2487
3342 2398 2399 2396 2397 2395 2400 2401 2394 2402 2406 2393 2405 2392 2403 2391 2404 2390 2388 2389 2387 2407 918 928 170 1612
3343 2399 2400 2398 2401 2397 2396 2395 2402 2405 2406 2404 2394 2403 2393 2391 2389 2392 2390 2407 2388 2387 1307 1306 1308 927
3344 2400 2399 2401 2398 2402 2396 2397 2406 2403 2404 2405 2395 2394 2409 2393 2407 2391 2392 2390 2408 348 927 2575 346 1314
3345 2401 2402 2400 2399 2406 2403 2405 2404 2398 2397 2407 2409 2396 2410 2408 2394 2395 2389 2390 2392 2391 2393 2387 927 980
3346 2402 2401 2400 2399 2403 2406 2405 2404 2398 2407 2410 2409 2397 2411 2408 2396 2394 2395 2393 2392 1347 1314 2387 918 978
3347 2403 2402 2401 2400 2404 2406 2399 2407 2405 2409 2398 2410 2408 2411 2412 2397 2396 2395 2413 2394 1314 983 1347 926 1313
3348 2403 2404 2402 2407 2406 2405 2401 2400 2409 2399 2408 2398 2410 2411 2412 2394 2397 2413 2396 2395 2414 1358 1360 985 1361
3349 2405 2404 2402 2406 2403 2409 2401 2410 2407 2400 2408 2411 2412 2399 2413 2415 2414 2395 2398 2397 2396 978 980 1359 983
3350 2406 2405 2404 2403 2401 2402 2409 2407 2410 2408 2411 2412 2400 2399 2396 2397 2395 2415 2413 2414 2416 2398 3131 1360 1361
3351 2407 2406 2408 2410 2403 2402 2405 2404 2409 2415 2413 2416 2411 2401 2400 2414 2412 2399 2418 2417 2397 2398 2396 3130 3129
3352 2408 2409 2411 2410 2406 2407 2413 2404 2412 2405 2403 2414 2416 2415 2402 2417 2418 2401 2419 2400 2398 2399 2397 2396 2577
3353 2409 2410 2408 2411 2406 2412 2407 2414 2413 2404 2405 2416 2415 2417 2418 2403 2419 2402 2421 2420 2401 2400 2399 977 1311
3354 2410 2409 2411 2412 2408 2406 2407 2405 2404 2413 2415 2414 2403 2416 2402 2400 2401 2399 2418 2420 2421 2417 2395 2396 2397
3355 2412 2410 2411 2413 2409 2415 2414 2408 2416 2407 2405 2417 2406 2418 2404 2419 2420 2421 2403 2423 2422 2402 2401 2400 2399
3356 2412 2410 2411 2409 2405 2406 2415 2404 2414 2413 2408 2407 2416 2422 2403 2420 2418 2421 2417 2424 2419 2423 2402 2401 2400
3357 2413 2410 2415 2408 2417 2411 2416 2409 2414 2406 2412 2418 2405 2420 2404 2403 2421 2419 2402 2422 2401 2407 2423 2400 2426
3358 2413 2412 2415 2416 2414 2417 2411 2410 2409 2418 2408 2419 2420 2405 2406 2407 2421 2404 2403 2422 2423 2402 2424 2425 2401
3359 2415 2414 2416 2413 2412 2417 2418 2410 2411 2419 2409 2420 2421 2408 2406 2405 2407 2404 2423 2422 2424 2403 2402 2427 2426
3360 2418 2415 2416 2417 2421 2413 2420 2419 2422 2410 2423 2411 2408 2414 2412 2409 2406 2425 2426 2405 2424 2427 2404 2407 2403
3361 2417 2416 2415 2418 2414 2420 2419 2413 2421 2412 2422 2423 2410 2411 2424 2409 2408 2425 2426 2406 2405 2407 2427 2404 2403
3362 2418 2416 2421 2415 2420 2417 2419 2423 2422 2425 2413 2424 2410 2409 2408 2428 2407 2427 2414 2411 2406 2412 2403 2405 2404
3363 2418 2417 2419 2420 2416 2421 2415 2414 2423 2422 2424 2412 2413 2410 2411 2425 2409 2408 2426 2428 2427 2405 2429 2406 2407
3364 2419 2418 2420 2421 2416 2417 2423 2422 2415 2426 2425 2424 2412 2413 2414 2409 2410 2408 2427 2428 2407 2429 2432 2411 2406
3365 2420 2419 2421 2418 2417 2422 2423 2416 2425 2424 2415 2426 2413 2414 2411 2427 2410 2432 2429 2409 2412 2408 2428 2407 2431
3366 2420 2421 2419 2422 2418 2423 2416 2417 2424 2425 2413 2415 2428 2427 2414 2426 2410 2412 2411 2432 2409 2429 2434 2408 2433
3367 2421 2422 2423 2420 2424 2425 2419 2418 2426 2427 2417 2428 2415 2429 2430 2416 2431 2410 2432 2409 2412 2414 2406 2413 2408
3368 2422 2423 2424 2425 2421 2420 2419 2418 2417 2426 2427 2416 2430 2415 2431 2428 2429 2410 2409 2413 2414 2433 2436 2432 2411
3369 2423 2422 2424 2425 2421 2419 2418 2426 2420 2417 2427 2416 2428 2415 2431 2430 2414 2429 2413 2410 2436 2433 2409 2432 2412
3370 2423 2424 2425 2422 2421 2426 2420 2419 2418 2427 2417 2428 2429 2415 2433 2416 2414 2431 2434 2413 2435 2430 2432 2436 2411
3371 2424 2425 2423 2422 2426 2421 2420 2427 2419 2428 2418 2416 2417 2415 2414 2430 2429 2431 2437 2413 2434 2433 2436 2432 2411
3372 2425 2424 2423 2422 2421 2426 2427 2428 2420 2419 2429 2416 2418 2417 2431 2430 2434 2415 2433 2432 2414 2436 2413 2435 2437
3373 2427 2426 2425 2424 2423 2428 2431 2422 2429 2430 2421 2420 2433 2419 2436 2417 2416 2418 2435 2437 2434 2432 2414 2440 2415
3374 2427 2426 2425 2428 2424 2429 2431 2430 2423 2422 2432 2421 2436 2433 2420 2419 2440 2418 2417 2434 2438 2437 2435 2416 2441
3375 2427 2428 2429 2426 2425 2430 2424 2423 2422 2431 2421 2420 2419 2436 2433 2418 2432 2435 2417 2434 391 2440 2442 2437 388
3376 2427 2428 2429 2430 2425 2431 2424 2426 2437 2423 2422 2436 2421 2438 2420 2419 2440 2432 390 391 2434 2433 2418 2435 2417
3377 2429 2430 2428 2431 2427 2432 2436 2434 2435 2433 2425 2424 2426 2441 2438 2442 2423 2422 2437 2444 2421 2443 2420 2439 2419
3378 2430 2428 2429 2431 2427 2433 2424 2432 2423 2425 2435 2434 2426 2421 2436 2422 2419 2420 2418 2437 2438 2440 385 384 382
3379 2431 2430 2432 2433 2429 2428 2434 2435 2436 2427 2424 2425 2438 2439 2437 2440 2423 2421 2422 2426 386 389 387 385 2441
3380 2431 2433 2432 2429 2430 2428 2434 2427 2435 2436 2438 2439 2425 2440 2437 2422 2421 2423 2424 2426 389 2441 390 2420 386
3381 2432 2431 2433 2434 2430 2429 2435 2428 2436 2438 2427 2437 2440 2439 2425 2423 387 2426 2424 2441 2422 386 388 2421 2442
3382 2433 2431 2435 2432 2434 2436 2430 2437 2429 2428 2440 2439 2438 2427 2442 387 2423 2441 2424 2425 2426 2421 388 386 389
3383 2435 2434 2436 2433 2432 2431 2437 2430 2439 2438 2429 2428 387 2427 386 2440 384 383 385 382 2424 388 2426 2425 389
3384 2435 2434 2436 2433 2432 2431 2437 2430 2438 2439 384 2429 386 382 387 2440 385 383 389 2441 388 2427 2428 2442 2423
3385 2436 2435 2434 2437 2433 2432 2431 2438 2440 2439 2430 2441 387 2442 384 388 386 2429 389 382 383 385 2427 390 2425
3386 2437 2435 2436 2438 2434 2439 2440 2433 2441 2432 2442 2431 387 385 386 388 384 389 2430 382 383 390 2429 2428 2443
3387 2437 2436 2438 2440 2439 2435 2441 2434 2442 387 388 2433 389 2443 2432 390 2431 386 385 382 384 383 2430 391 2429
3388 2438 2440 2439 2437 2436 2434 387 2435 386 2433 385 389 2441 388 2432 390 2431 2430 2442 383 384 392 2443 2445 2429
3389 2439 2438 2440 2437 2436 2435 387 2434 386 385 2433 2441 389 388 2442 384 2431 2432 392 390 383 2430 2429 2443 391
3390 2440 2439 2441 2438 2437 389 2436 2442 2443 387 390 388 2435 386 2434 385 391 2433 2432 392 2431 2430 2429 2445 2428
3391 2440 2441 2442 389 390 2439 2443 2438 388 2436 2437 2445 392 387 391 2444 2446 2434 2435 2432 2433 2431 386 394 393
3392 2442 2440 2443 2441 389 390 387 2437 388 2432 2433 2431 2439 2430 2436 2429 2438 2435 2445 391 386 2434 2444 393 2447
3393 2442 2443 2441 389 2440 390 2439 2445 388 2444 391 387 2437 2438 392 2446 385 386 393 2435 395 2447 2436 394 2450
3394 2442 2443 390 389 391 2444 2441 2445 2439 2440 392 2438 2436 393 2437 2446 394 388 2435 395 2447 2448 396 2434 2433
3395 2443 390 391 2445 2444 2442 389 392 2441 2439 2440 2446 2447 393 2437 388 2438 2448 394 2449 395 2450 2436 387 396
3396 392 391 2444 2445 390 2443 2446 393 2442 394 2447 389 2440 2441 2439 395 2448 2438 2449 2437 388 397 396 2450 2451
3397 2446 2444 392 2445 391 2448 393 2447 2443 2449 394 395 390 396 2442 2440 397 389 2450 2441 398 2439 2452 2451 399
3398 2446 393 394 2447 395 2448 2445 392 2444 2443 391 396 390 2450 2442 2449 397 389 2441 2451 2452 398 2440 388 399
3399 2447 394 395 396 2448 2445 2449 398 2443 399 2452 2442 2444 2451 397 2441 2446 391 2450 390 392 393 389 400 2453
3400 2448 395 2447 394 396 2449 2450 397 2445 393 2446 2444 2443 392 2451 391 398 2452 399 2442 390 2441 2453 2440 400
3401 2449 396 395 2450 2448 394 397 2447 398 2451 393 2445 2452 399 2443 392 2453 2442 2444 2446 400 391 2454 390 402
3402 2449 397 396 395 2448 2450 2452 2451 394 398 2447 399 393 2445 2453 400 392 2446 401 391 2444 2443 402 2454 390
3403 2450 2451 397 396 395 2452 398 394 2449 399 2448 2447 2445 2453 392 393 2446 2454 400 391 2444 2443 390 402 401
3404 2451 2452 397 399 398 396 2450 395 2453 400 2454 2448 2449 394 401 402 2447 393 2455 392 2446 391 2456 2445 2444
3405 399 398 2452 2451 2450 397 400 396 395 2453 394 2454 2449 2448 2455 401 402 393 392 2447 403 391 2456 2443 2446
3406 399 398 2452 400 2451 397 2453 2450 395 396 2454 394 2455 401 402 2448 403 2449 393 2456 392 404 391 2447 2446
3407 2453 400 401 399 2454 402 2452 2455 398 397 2451 403 2450 2456 2448 396 395 2449 393 2447 394 404 2446 392 391
3408 2453 402 2455 401 400 2454 403 398 2456 2452 399 2451 395 396 404 394 2450 397 2458 2457 407 2449 406 405 2445
3409 402 2455 401 2453 403 404 2456 2454 400 396 405 399 2457 2451 398 2452 406 395 394 2458 407 397 2450 408 2449
3410 2455 404 402 403 2456 2457 406 405 401 407 2453 2454 2458 400 408 2459 399 398 396 2451 409 2452 395 410 394
3411 2456 404 403 405 2455 402 2457 406 400 401 2454 407 2453 408 398 399 2451 2452 396 2459 2458 409 2450 397 395
3412 405 404 2457 2456 406 2455 402 403 407 2458 401 2453 2454 399 408 400 2460 398 396 2459 410 409 2452 2451 397
3413 406 405 2458 407 2457 2456 408 2455 404 402 2460 2459 403 410 409 2453 400 411 401 2462 413 2454 396 2461 412
3414 407 406 2458 408 2459 405 2457 409 2456 404 2455 2460 410 411 412 403 402 2461 2462 413 400 415 414 2453 401
3415 408 2459 409 407 2458 410 2460 2461 411 406 412 2455 405 2462 2457 402 400 404 413 2453 2456 414 415 401 2454
3416 409 410 2459 411 2460 408 413 412 2461 2462 414 407 2463 415 2458 2465 2457 417 405 416 2464 404 406 2455 418
3417 2460 410 2461 411 414 2462 413 412 2463 409 415 2464 2465 416 418 2468 2466 417 2467 2459 420 419 402 407 2457
3418 411 2461 412 413 2460 414 2462 415 409 410 2463 2464 2465 418 2459 2467 416 420 2466 419 2471 417 2469 2468 2470
3419 2462 411 414 2461 413 412 2460 2463 415 416 410 2466 417 2465 409 2467 418 2464 2469 2468 2459 420 405 419 402
3420 414 413 2463 2462 415 2460 416 2464 417 418 2466 412 410 2465 411 2461 421 422 2459 420 2467 424 409 423 419
3421 414 416 2462 415 413 417 2463 418 2460 2464 419 2465 420 2466 421 410 412 2467 422 423 424 411 2461 425 426
3422 416 415 417 418 414 2462 2464 413 2463 420 2460 421 419 422 2461 412 423 411 2466 424 2467 425 2465 426 410
3423 417 416 418 415 419 420 414 421 2462 2463 2464 413 423 2465 422 424 2466 2461 425 412 2460 2467 410 411 2469
3424 418 417 416 419 420 421 424 2464 422 414 415 2463 423 2462 425 413 426 2465 2466 2460 2467 428 427 429 430
3425 419 420 421 418 417 422 423 424 416 425 426 427 415 428 2464 414 2465 2463 429 2462 430 2466 413 2467 431
3426 420 421 422 419 423 424 425 426 417 418 428 2464 429 427 430 2466 415 2463 416 414 431 2465 2467 432 2470
3427 421 422 423 420 424 419 425 426 418 427 428 417 429 430 431 416 432 2464 2463 415 2466 414 433 434 2462
3428 423 424 422 425 421 426 420 419 427 429 417 418 428 430 431 416 433 2466 432 2464 2467 434 414 2465 415
3429 423 424 425 426 427 422 421 428 420 429 419 431 418 430 417 432 433 416 2466 434 2464 2467 414 435 415
3430 424 425 426 423 427 422 428 421 429 430 420 431 419 418 433 417 432 435 416 434 2465 2464 415 414 436
3431 426 427 424 428 425 423 430 431 429 422 421 420 432 433 435 418 419 434 417 436 416 437 415 414 438
3432 427 428 429 426 430 425 431 432 424 433 423 434 435 422 420 421 436 418 419 417 437 438 416 415 439
3433 430 428 429 427 431 426 432 433 425 424 434 435 423 436 422 421 437 420 438 419 418 439 417 440 416
3434 430 431 429 428 427 432 426 433 434 425 435 424 436 423 422 421 438 420 437 419 439 418 417 440 416
3435 431 430 432 433 429 428 435 427 434 426 437 425 436 424 438 423 439 440 441 420 422 419 421 442 418
3436 433 434 435 432 436 430 431 437 439 429 428 438 427 440 441 426 425 424 423 442 421 443 422 444 420
3437 433 434 435 432 436 431 430 438 437 439 429 440 441 426 427 428 442 425 424 443 423 444 422 445 420
3438 435 434 436 437 438 433 439 440 441 432 442 431 443 444 430 445 429 428 446 447 427 424 426 425 448
3439 435 436 437 438 434 439 440 433 441 442 432 443 431 444 445 430 429 446 428 447 427 426 448 424 425
3440 437 436 438 435 439 440 442 441 433 434 443 432 444 445 431 446 430 429 447 428 448 427 426 424 425
3441 438 437 439 440 436 441 442 435 443 433 444 434 445 432 431 446 447 430 429 448 427 428 449 426 424
3442 440 439 438 441 437 442 436 443 435 445 446 444 433 447 434 432 448 431 430 429 449 428 427 450 426
3443 440 441 439 442 438 443 436 445 444 446 437 447 435 433 434 448 432 449 431 430 450 429 428 427 424
3444 441 440 442 443 439 444 445 438 437 446 436 435 447 448 434 433 432 449 450 431 430 429 424 428 451
3445 442 443 441 444 445 446 440 447 438 439 448 437 436 449 435 434 450 433 432 451 452 431 430 429 427
3446 443 444 442 445 441 446 440 447 448 439 438 437 436 449 435 450 434 451 433 432 452 430 431 429 428
3447 445 446 444 447 443 448 438 442 437 439 440 441 435 449 450 436 434 433 432 451 431 452 430 429 428
3448 445 446 444 447 443 448 440 441 442 439 438 449 437 450 436 435 433 434 432 451 430 452 431 429 428
3449 446 445 447 444 448 443 442 449 440 441 439 438 450 437 436 451 435 452 434 433 453 432 430 429 431
3450 447 446 448 445 444 449 443 442 450 441 440 451 438 452 439 436 453 437 435 454 434 432 433 431 430
3451 448 449 447 446 450 445 444 451 452 443 453 442 454 455 441 456 440 438 439 437 457 1694 1692 1693 1691
3452 449 448 450 447 451 446 452 445 444 453 443 454 455 442 456 441 440 438 439 457 458 437 1692 1691 1695
3453 450 451 449 448 447 452 453 446 454 445 455 444 456 457 443 442 458 441 440 459 439 438 1690 1689 1691
3454 451 450 452 453 449 454 448 447 456 455 446 457 445 458 444 459 443 442 440 441 460 1690 1689 438 1691
3455 453 452 451 450 454 449 455 456 448 447 457 446 458 445 459 444 443 460 442 441 440 461 1688 1875 150
3456 453 454 452 451 456 455 450 457 449 458 448 447 459 446 445 460 444 461 443 160 1604 1606 159 161 150
3457 454 455 453 456 452 457 451 458 450 459 449 460 448 447 461 446 445 462 151 161 149 150 148 1598 1592
3458 455 456 454 457 453 452 458 451 459 450 460 449 448 461 447 446 462 463 1601 157 156 160 149 148 1598
3459 456 457 455 458 459 454 460 453 452 461 451 450 449 462 448 463 464 447 153 151 154 150 1601 1595 148
3460 457 456 458 459 455 460 454 453 461 452 451 462 450 463 449 464 448 465 466 1596 151 153 1304 1300 1684
3461 458 459 457 456 460 461 455 454 462 453 463 452 464 451 450 466 465 152 1306 1592 1684 150 156 1596 151
3462 459 460 461 458 457 456 462 455 454 463 464 453 452 466 451 450 1306 1592 147 151 1596 148 150 1590 153
3463 460 461 462 459 457 463 458 456 464 455 465 466 454 453 452 467 468 147 1592 146 1307 145 1343 148 1309
3464 461 462 460 463 464 465 459 458 457 466 467 456 455 468 469 454 470 147 1592 149 146 153 148 145 1308
3465 463 464 462 465 466 467 461 468 460 469 470 459 1593 471 148 149 1344 457 458 146 147 1592 1309 472 1590
3466 464 463 465 466 467 462 468 469 461 460 470 471 147 1592 148 459 1593 149 472 150 1591 146 1594 476 473
3467 465 464 466 463 467 468 469 462 470 471 461 460 472 147 1592 148 1593 149 459 473 1860 1591 1594 1861 477
3468 466 465 467 468 464 469 463 470 471 462 472 473 461 460 147 146 145 1592 1590 144 1593 148 149 474 1594
3469 467 468 466 465 469 464 470 471 463 472 473 462 474 1591 147 1592 1589 1590 146 145 1593 148 1588 143 149
3470 469 468 467 470 466 465 471 464 472 473 463 474 475 462 1590 146 147 145 1592 1589 1588 476 148 1862 144
3471 469 470 468 467 471 466 472 473 465 474 475 476 464 477 463 462 147 1592 1590 146 148 1588 1589 145 143
3472 470 471 472 469 468 473 474 475 466 467 476 477 478 465 463 1592 464 1591 1590 146 1589 147 1588 145 1586
3473 472 471 473 470 474 469 475 468 476 477 478 467 479 480 466 465 159 1602 1590 1589 158 464 1601 156 157
3474 473 474 472 471 475 470 476 477 478 479 469 468 480 481 467 482 466 1601 465 156 483 155 157 1598 158
3475 474 475 473 476 472 477 478 479 471 480 470 481 469 468 1860 482 158 1858 1330 1859 467 483 466 1857 1856
3476 476 475 477 474 478 473 479 472 480 481 471 482 470 483 469 1858 159 155 1602 1605 1603 158 1599 160 468
3477 477 478 476 479 475 474 480 473 481 482 472 483 471 470 484 1860 469 1329 155 1598 1600 156 1599 1597 153
3478 478 479 477 480 476 475 481 474 482 473 483 484 472 471 485 1858 470 1856 1861 133 134 151 1854 1852 1853
3479 479 480 478 477 481 482 476 475 483 474 484 485 1327 1328 473 472 471 1858 135 133 134 1859 1856 1329 1860
3480 480 481 479 478 482 477 476 483 484 475 485 474 486 473 1327 472 1328 1858 1859 471 1856 1853 1860 136 1854
3481 482 481 480 479 483 478 484 486 485 477 487 476 488 475 489 474 473 1858 1853 472 471 1854 1856 1859 1328
3482 483 484 482 485 481 486 480 479 487 478 488 489 477 476 490 475 491 1858 474 492 1859 1857 1856 473 472
3483 485 484 486 483 487 482 481 488 480 489 490 491 476 1858 492 475 1326 1327 1857 1859 474 1856 1855 1852 1860
3484 486 485 487 484 488 489 483 490 482 491 481 480 492 479 477 493 476 475 1326 1858 1854 1325 1855 1327 1859
3485 487 488 489 486 490 485 491 484 492 483 493 482 481 480 494 1853 495 476 1854 1858 475 1326 496 1856 1855
3486 488 489 487 490 491 486 492 485 493 484 494 483 482 481 480 495 479 496 497 478 1852 1854 1853 475 1856
3487 490 489 491 488 492 493 487 494 486 495 485 496 484 483 482 481 480 497 479 156 1602 475 476 1601 157
3488 491 490 492 489 493 494 488 495 487 496 497 486 485 484 483 482 498 159 1603 481 157 158 161 1605 160
3489 492 493 494 495 491 496 497 490 498 489 488 499 487 500 486 485 501 484 481 1876 1875 483 480 482 159
3490 494 495 493 492 496 491 497 498 490 499 500 489 488 485 486 487 1875 158 1876 484 1602 1601 1599 1603 152
3491 495 494 496 497 498 499 492 500 493 491 501 490 502 489 488 503 504 487 486 1875 485 1876 484 1874 1877
3492 496 497 495 498 494 499 500 493 492 501 502 503 504 491 505 506 489 490 488 1876 1877 1873 1875 485 149
3493 498 497 496 499 495 494 500 501 504 493 503 502 505 492 491 506 490 489 488 1873 1875 511 149 1876 510
3494 499 498 497 496 500 495 494 501 504 505 503 502 506 507 493 508 509 511 510 512 492 1873 490 491 1874
3495 500 501 499 498 502 503 497 504 505 506 496 507 495 508 509 494 510 511 513 512 493 514 515 492 491
3496 501 503 502 500 504 499 505 498 506 507 497 508 510 509 496 511 495 512 513 514 515 494 516 517 1598
3497 503 502 501 504 500 505 499 506 507 508 509 498 510 497 511 512 496 513 514 515 516 517 518 495 494
3498 504 505 503 506 507 502 508 509 501 510 500 511 512 499 498 513 497 514 515 496 516 517 518 519 520
3499 505 506 504 507 503 508 509 502 511 510 512 501 500 499 513 498 514 515 497 516 517 518 519 521 520
3500 507 506 505 509 504 503 508 510 511 512 502 513 501 500 499 514 515 498 524 516 517 519 522 518 521
3501 509 508 510 507 511 512 513 514 506 505 515 504 500 501 503 502 516 524 525 499 517 518 521 526 522
3502 509 510 511 508 512 513 507 514 515 506 516 505 504 501 517 503 518 525 524 502 500 526 519 522 523
3503 511 510 512 509 513 514 508 507 515 516 517 506 518 505 504 519 524 525 521 503 526 520 522 523 501
3504 512 513 511 514 510 509 515 516 508 517 518 507 519 505 506 520 521 522 504 524 525 526 501 523 503
3505 513 514 512 515 511 516 517 509 510 518 519 508 520 521 522 507 524 525 523 526 506 505 504 501 527
3506 515 514 516 517 513 518 512 519 511 520 521 522 524 510 509 523 525 526 508 507 527 506 505 504 528
3507 516 515 517 518 514 519 521 520 512 522 513 524 523 525 511 510 526 509 527 508 507 506 505 504 528
3508 518 516 517 515 519 520 521 514 522 524 525 523 513 512 526 511 510 527 509 528 508 529 507 530 506
3509 518 519 516 517 520 521 515 524 522 525 514 526 523 513 512 511 527 510 528 509 529 508 507 530 506
3510 520 519 521 518 522 517 524 523 516 525 526 515 514 513 527 512 528 529 530 511 510 509 531 507 508
3511 521 520 519 522 524 518 525 523 526 517 516 515 527 514 528 513 529 512 530 531 510 511 534 532 509
3512 522 523 524 526 521 520 525 519 518 527 515 517 516 514 528 529 530 531 513 1583 532 534 1584 512 137
3513 523 524 525 522 526 521 520 519 516 518 527 517 528 529 530 515 514 531 532 534 513 1583 135 1581 533
3514 525 522 526 524 523 521 520 519 518 527 517 528 529 516 530 531 532 515 514 534 1583 135 1582 533 536
3515 526 525 527 528 524 521 520 523 522 519 529 530 518 517 531 532 534 541 516 533 543 542 544 555 536
3516 527 526 528 530 525 524 529 522 523 521 520 531 532 519 534 536 541 544 538 535 537 533 555 548 553
3517 526 528 530 527 529 525 524 523 522 521 520 532 531 534 519 533 541 544 518 538 536 555 542 543 535
3518 530 529 531 527 528 526 532 525 524 523 522 534 521 533 535 536 538 553 520 537 563 554 540 562 546
3519 531 530 529 532 528 527 526 534 524 525 533 523 535 536 538 537 553 522 539 551 542 554 546 548 557
3520 534 531 532 533 536 530 537 529 538 549 546 535 547 548 527 528 552 553 551 550 540 539 526 544 541
3521 535 536 534 537 538 539 540 541 555 543 554 557 556 553 542 549 547 550 548 545 532 558 551 546 544
3522 538 547 540 537 541 550 539 551 548 549 536 542 554 535 543 553 552 544 555 559 557 556 545 534 546
3523 551 549 547 550 552 548 559 546 544 541 542 555 558 560 554 543 557 539 537 553 556 540 536 545 538
3524 560 543 561 541 544 557 542 545 559 546 550 554 549 555 548 558 551 547 553 556 552 540 562 539 564
3525 563 562 559 560 548 561 551 558 555 543 541 547 545 549 550 553 542 544 554 552 556 565 557 564 546
3526 564 565 567 566 561 562 563 558 560 557 545 551 548 550 547 556 554 559 549 569 543 555 546 552 553
3527 566 567 565 563 564 569 568 562 559 561 560 570 558 571 557 572 553 548 552 550 545 543 542 556 551
3528 566 568 567 564 565 569 563 570 571 562 572 561 559 560 558 557 543 553 541 542 540 544 573 552 550
3529 568 569 570 567 571 565 566 564 572 563 562 561 573 574 560 559 575 556 543 545 557 551 558 548 542
3530 569 571 570 568 567 572 566 565 564 573 563 574 562 575 561 558 556 560 576 559 557 555 540 542 543
3531 569 570 571 568 567 566 573 574 572 565 575 563 564 562 576 559 577 561 560 553 557 547 552 542 543
3532 571 572 570 569 573 574 568 567 575 566 576 564 563 565 562 577 558 560 578 559 561 554 555 551 549
3533 572 571 573 569 570 574 567 568 575 566 576 565 564 563 577 578 579 560 562 558 555 551 554 559 550
3534 572 574 573 575 570 571 569 576 568 566 567 577 578 565 564 563 580 579 551 562 558 560 550 559 552
3535 573 574 575 572 571 570 576 577 569 568 578 567 566 579 564 582 581 565 563 580 583 584 562 554 560
3536 574 575 576 573 572 571 577 578 570 579 569 568 580 567 581 566 565 582 583 564 584 563 585 562 561
3537 575 574 576 577 573 572 578 571 579 581 580 570 569 582 583 568 567 585 566 584 565 563 586 564 561
3538 577 576 578 575 579 580 581 573 574 572 583 582 571 584 585 570 586 587 569 568 567 566 565 564 563
3539 578 577 579 576 580 575 581 582 583 574 584 585 573 572 586 587 571 570 569 568 567 566 565 564 563
3540 578 580 579 577 581 582 576 583 575 584 585 587 574 586 573 588 572 571 570 569 568 567 566 565 564
3541 580 579 578 581 577 582 583 576 585 575 584 574 586 587 588 573 589 572 571 570 590 568 569 567 566
3542 580 581 578 582 579 583 577 584 576 575 585 574 586 573 587 588 572 589 571 570 590 569 568 567 591
3543 582 581 583 580 584 578 585 579 586 577 587 588 589 576 575 590 591 574 573 592 593 572 571 570 594
3544 583 582 584 581 580 585 579 578 586 588 577 589 587 576 590 575 591 574 573 592 572 593 571 570 594
3545 583 584 585 582 581 586 588 587 580 579 589 578 590 577 576 591 592 575 593 574 594 573 595 596 572
3546 585 587 586 584 588 583 582 589 590 581 591 592 580 593 579 578 594 595 596 576 577 597 598 575 574
3547 586 587 585 588 583 584 589 582 590 591 581 592 593 580 579 578 595 594 596 577 576 597 575 598 574
3548 587 586 588 585 589 590 584 583 582 591 592 581 593 580 594 595 578 579 596 597 577 598 599 1555 1557
3549 588 589 590 591 586 585 587 584 583 592 593 594 595 582 597 596 598 599 581 600 1555 1554 601 1553 1556
3550 590 589 588 591 586 587 592 585 593 584 595 583 594 596 582 597 598 599 600 601 581 602 1546 1545 1547
3551 591 590 589 588 592 587 586 593 585 584 583 595 582 594 597 596 598 599 600 601 581 1548 1550 1551 1546
3552 592 591 590 589 593 588 587 586 595 594 585 584 596 598 583 582 597 599 600 581 601 602 1560 1546 1547
3553 592 594 593 590 595 596 591 597 598 589 587 599 588 600 586 601 584 585 583 582 602 581 603 1546 1547
3554 594 593 595 596 597 592 598 599 590 591 600 587 588 589 586 585 583 584 601 602 582 603 604 605 1546
3555 595 596 594 597 593 598 592 599 590 591 600 589 601 587 588 602 586 585 583 584 582 603 1546 604 1543
3556 596 595 598 599 597 594 600 593 601 592 602 603 591 604 590 588 583 589 582 605 587 1546 1547 586 585
3557 597 598 596 599 595 600 594 601 593 602 592 591 603 590 604 589 588 587 605 585 586 1543 583 1546 1547
3558 598 599 600 597 601 596 602 603 595 604 593 594 605 592 591 590 583 606 582 588 589 587 1543 586 585
3559 599 600 598 601 602 603 597 604 596 605 595 594 593 606 592 591 607 590 583 1543 582 588 587 1542 589
3560 601 600 599 602 603 604 598 605 597 606 596 595 594 607 593 592 591 590 608 588 582 1543 589 1542 583
3561 601 602 603 604 600 605 606 599 598 607 597 608 596 594 595 593 609 592 1540 591 1541 1543 1539 1542 590
3562 603 602 604 605 601 600 606 607 599 608 598 609 597 610 596 594 593 595 1540 591 611 592 590 1541 1542
3563 604 605 602 603 606 607 601 608 600 609 599 610 598 597 596 611 594 593 595 1542 641 591 642 644 645
3564 604 605 606 603 607 608 602 609 601 610 600 611 599 598 597 596 612 594 645 613 643 640 646 595 644
3565 607 606 608 604 605 609 610 603 611 602 601 612 600 613 599 598 597 644 614 647 645 642 594 643 639
3566 607 608 606 609 610 605 604 611 603 612 602 613 601 600 614 599 598 645 646 642 643 640 639 679 647
3567 608 609 610 607 606 611 605 612 604 613 603 602 614 601 600 599 643 642 644 639 648 646 641 656 645
3568 610 611 609 608 612 607 613 614 606 605 604 615 603 616 601 602 617 599 600 618 645 646 643 644 642
3569 611 612 610 613 609 614 608 615 607 616 617 606 618 619 605 604 645 647 646 603 643 642 658 674 657
3570 612 611 613 614 610 609 615 616 617 618 608 607 606 619 605 604 620 659 645 658 674 644 603 651 642
3571 613 614 612 611 616 615 617 610 618 609 619 608 607 620 606 621 644 645 660 605 648 658 1458 659 643
3572 614 613 615 612 616 611 617 610 618 609 619 620 621 608 607 644 646 661 645 660 622 662 676 647 1458
3573 615 614 616 613 617 612 611 618 619 610 620 621 609 622 623 648 647 650 662 649 608 646 663 645 677
3574 617 616 615 618 614 619 613 620 612 621 611 622 623 610 624 647 648 649 646 609 650 654 663 664 45
3575 618 619 617 616 620 615 614 621 622 613 623 612 624 611 610 664 650 625 648 647 649 663 662 656 45
3576 619 618 620 617 616 621 622 615 623 614 624 613 625 612 664 663 656 650 651 662 649 665 648 47 655
3577 620 621 619 622 623 618 624 625 617 626 616 615 614 627 613 650 651 652 649 49 665 666 47 648 664
3578 621 622 623 620 624 625 619 618 626 627 617 628 616 650 615 667 653 651 668 49 652 666 614 51 50
3579 623 622 624 621 620 625 626 619 627 618 628 617 629 616 667 651 653 650 615 654 49 51 669 668 670
3580 623 624 622 625 621 626 627 620 628 619 629 618 630 668 669 52 654 670 617 53 51 54 667 671 1470
3581 624 625 626 623 622 627 628 621 629 620 630 619 631 618 53 54 52 652 669 653 55 656 654 655 651
3582 626 627 625 628 624 629 623 630 622 621 631 620 619 632 55 57 53 618 56 54 671 654 658 656 653
3583 627 628 629 626 630 625 624 631 623 622 632 621 620 660 659 57 655 675 58 658 676 59 656 672 657
3584 628 629 627 630 626 631 625 624 632 623 622 634 621 633 661 659 635 660 673 658 677 645 674 675 59
3585 629 630 628 631 627 626 625 632 624 633 634 623 635 622 661 658 660 659 677 662 674 645 657 678 675
3586 631 630 632 629 628 627 633 626 634 635 625 663 677 646 645 676 659 661 660 662 678 664 658 675 61
3587 632 631 633 630 629 628 634 627 635 636 663 648 647 664 63 62 677 661 678 676 626 662 659 665 64
3588 633 632 631 630 634 636 629 635 637 628 649 650 665 627 676 648 663 662 678 677 664 679 661 666 656
3589 635 634 633 636 632 637 631 630 638 650 667 651 666 649 629 665 1470 655 676 648 663 662 669 679 664
3590 636 635 637 634 638 633 632 639 669 651 670 652 650 668 653 1470 667 684 1481 665 658 649 673 666 640
3591 636 637 638 639 635 633 634 640 653 669 670 652 654 651 668 667 655 661 666 1469 671 1470 1478 650 672
3592 638 637 636 639 640 635 641 654 653 634 671 655 652 670 669 656 668 667 651 672 642 684 657 1470 1469
3593 639 640 638 637 636 641 642 655 656 671 654 653 672 657 670 673 669 658 668 652 684 635 683 685 1477
3594 640 641 639 642 643 638 637 636 657 656 658 673 655 654 672 659 674 671 670 645 653 1477 644 669 660
3595 642 641 643 640 639 638 644 637 657 658 674 659 656 673 645 672 655 671 660 646 670 649 669 665 676
3596 643 641 642 640 644 645 639 659 660 675 673 674 676 658 656 657 671 672 661 677 655 668 686 669 662
3597 644 643 645 642 641 646 640 647 660 676 659 675 674 673 677 658 661 662 672 657 656 678 665 663 653
3598 645 644 646 643 647 642 648 661 677 660 662 678 659 676 658 673 663 674 675 679 649 664 665 667 666
3599 646 645 647 644 648 643 649 662 661 663 678 660 664 679 677 676 659 680 665 675 650 1477 667 674 1470
3600 648 647 646 649 645 650 644 663 664 662 665 661 680 679 677 678 1481 676 666 668 1470 655 681 660 656
3601 649 648 650 647 646 651 645 665 652 664 666 663 662 661 680 644 1481 678 681 667 1477 669 668 677 676
3602 650 649 648 651 647 652 646 666 653 665 667 668 664 1481 663 1470 681 654 645 677 670 678 676 679 655
3603 651 650 652 653 649 654 648 666 667 647 668 665 669 664 682 1481 671 655 1470 646 681 683 679 659 660
3604 651 652 653 650 654 649 655 648 669 668 670 667 666 665 681 671 684 647 1470 683 682 656 673 663 657
3605 653 652 654 655 651 656 650 669 670 671 657 668 672 649 667 685 666 684 665 658 659 664 663 1477 1470
3606 655 654 656 653 657 652 651 658 671 672 670 669 650 668 639 1477 673 659 685 640 686 667 660 661 664
3607 656 655 657 654 658 653 652 659 672 671 673 640 670 639 674 641 651 669 687 660 642 677 685 664 668
3608 657 656 658 655 659 654 660 673 653 674 672 671 641 675 640 642 661 643 670 685 678 677 662 676 1462
3609 658 659 657 660 656 655 661 673 674 675 662 654 643 642 672 676 644 641 671 645 664 686 1459 668 665
3610 660 659 658 661 657 662 656 675 643 674 676 677 644 645 673 663 672 1474 664 646 665 678 1460 651 688
3611 661 660 662 659 658 663 677 644 664 676 645 675 646 678 657 647 679 674 666 688 1462 665 689 668 673
3612 662 661 663 660 664 659 665 678 677 645 679 658 646 676 647 666 648 680 644 675 1460 674 1477 656 688
3613 663 664 662 665 661 660 666 647 679 678 649 648 677 676 667 646 680 681 1460 650 1477 659 668 675 645
3614 664 665 663 666 662 667 661 668 649 648 680 679 669 650 678 1481 660 646 681 647 682 677 651 1459 1477
3615 665 666 667 664 668 663 669 650 681 649 662 651 680 661 682 652 653 1481 679 670 1470 660 648 659 1474
3616 667 666 668 669 665 664 670 650 663 651 654 652 653 682 681 680 649 1481 661 683 684 648 1474 679 685
3617 668 669 667 666 670 671 665 650 653 651 652 654 664 655 684 1481 649 681 672 648 1477 685 673 686 661
3618 670 669 671 672 668 667 654 653 652 655 685 673 651 684 1477 665 1481 666 657 656 677 686 683 664 650
3619 671 670 672 669 673 655 668 654 674 653 1477 656 657 686 685 684 658 1476 652 667 650 639 687 666 665
3620 672 671 673 670 674 669 656 655 675 657 654 658 659 640 653 686 687 685 639 1477 641 668 676 688 646
3621 673 672 674 671 675 676 657 670 658 656 659 655 643 644 1477 642 654 660 677 640 641 687 688 678 653
3622 674 675 673 672 676 677 671 659 658 642 657 660 678 656 643 644 1474 655 641 1477 661 645 650 687 662
3623 675 676 674 677 673 678 672 659 658 657 642 643 679 660 644 1474 661 656 662 646 645 671 687 663 655
3624 676 677 678 675 679 674 680 659 660 644 662 673 661 645 643 646 663 664 648 658 1462 656 1474 1470 647
3625 678 677 679 676 680 675 661 662 660 645 681 663 664 665 659 644 674 647 666 646 667 649 648 668 650
3626 679 678 680 677 676 681 662 682 661 675 663 646 665 664 660 645 650 647 648 1460 668 659 666 658 667
3627 680 679 681 678 682 677 676 683 662 663 646 647 664 665 650 661 649 648 667 666 1460 659 651 675 668
3628 681 682 680 683 679 678 684 666 665 649 667 650 668 663 664 1470 653 648 654 652 677 651 669 661 676
3629 682 683 681 680 684 685 679 669 667 668 651 654 666 652 653 650 665 655 664 670 1470 686 648 677 661
3630 683 684 685 682 681 686 669 668 670 687 653 652 655 654 667 666 680 665 651 657 656 671 1470 650 676
3631 685 684 683 686 687 682 669 671 670 654 668 688 672 653 656 655 657 673 658 667 659 665 664 652 662
3632 686 685 687 684 683 670 671 688 655 672 669 658 668 654 656 673 657 689 653 660 666 659 674 665 652
3633 687 688 686 689 685 690 684 672 656 655 673 659 658 691 660 671 674 675 670 657 661 662 669 666 654
3634 689 688 690 687 691 686 673 692 660 659 672 661 671 674 658 657 685 662 675 656 644 655 676 663 643
3635 690 689 691 688 687 692 693 661 660 662 686 659 675 672 673 644 676 674 666 664 668 663 646 657 656
3636 691 690 689 692 693 688 687 694 662 663 661 664 647 673 660 659 665 677 676 675 678 646 644 674 645
3637 692 691 693 690 694 695 689 664 663 661 660 662 676 665 678 648 688 646 677 666 675 696 667 679 659
3638 693 694 692 691 695 696 690 665 1459 677 664 689 697 663 648 678 662 649 661 679 676 650 666 651 660
3639 694 693 695 692 696 691 697 666 665 664 662 663 690 648 678 650 677 676 661 667 1459 1458 668 679 646
3640 695 696 694 693 697 692 698 668 699 667 664 666 665 691 663 669 678 679 652 677 651 680 650 670 653
3641 696 695 697 694 698 699 693 700 692 668 667 669 666 652 664 665 701 653 691 651 670 650 663 679 680
3642 698 697 699 700 701 696 695 702 703 669 668 671 670 653 667 654 694 666 652 678 665 651 681 649 1467
3643 699 698 700 701 697 702 696 703 695 704 671 669 705 670 672 668 654 653 667 655 652 706 681 680 665
3644 700 699 701 702 698 703 704 697 705 706 670 671 672 707 669 673 655 668 696 654 674 1477 656 683 684
3645 701 702 700 703 699 704 698 705 706 697 673 671 672 707 670 674 659 669 675 684 656 654 657 655 676
3646 703 702 701 704 700 705 706 699 707 698 673 674 672 671 708 658 657 675 659 661 670 655 656 684 685
3647 703 704 705 702 706 707 701 708 700 709 710 673 699 711 675 674 671 672 659 658 657 676 678 685 670
3648 704 705 706 707 703 708 702 709 701 700 711 710 675 676 659 674 660 673 677 699 672 712 671 678 679
3649 705 706 707 704 708 709 703 711 710 712 702 701 713 675 714 660 673 662 700 677 672 644 3597 645 674
3650 707 706 708 709 705 710 704 711 712 703 714 713 676 677 662 673 661 1436 715 77 702 660 1435 675 1437
3651 708 709 707 706 710 711 705 712 704 713 714 715 716 703 717 676 718 1435 677 79 662 719 1436 1437 1460
3652 709 710 708 711 707 712 706 713 705 714 715 716 717 704 718 719 1435 1436 1437 1438 1434 676 1433 677 678
3653 710 711 712 709 713 708 714 707 715 716 706 717 718 719 720 722 705 721 1435 1434 723 1433 1436 725 724
3654 711 712 710 713 714 709 715 716 708 717 718 707 725 719 720 722 721 723 724 706 726 1435 727 1434 1433
3655 713 712 714 711 715 716 717 710 718 719 720 721 709 722 723 708 724 725 726 727 707 1434 1435 706 728
3656 714 713 715 716 712 717 718 719 711 720 721 710 722 723 724 709 725 726 708 727 731 732 728 730 1432
3657 715 716 717 714 713 718 719 720 721 722 712 723 724 725 711 726 710 727 709 731 728 730 729 732 1430
3658 717 716 718 715 719 714 720 721 722 713 723 724 725 712 726 727 711 710 731 730 728 732 735 729 738
3659 718 717 719 720 716 721 715 722 714 723 724 713 725 726 727 712 731 728 730 711 732 729 738 710 735
3660 720 718 719 721 717 722 723 716 724 715 714 725 726 713 727 731 732 730 728 741 712 736 738 735 729
3661 720 721 722 719 723 718 724 725 717 726 716 727 715 731 728 730 714 732 736 740 744 738 729 741 735
3662 722 723 721 720 724 719 725 718 726 727 717 716 731 728 730 732 736 738 735 715 729 744 739 733 740
3663 723 722 721 724 720 725 719 726 718 727 731 717 732 730 728 736 734 733 735 738 737 729 739 741 744
3664 725 723 724 722 726 721 727 720 728 719 731 730 729 732 718 733 734 735 736 738 717 737 739 743 740
3665 726 725 724 727 723 728 722 731 721 730 729 720 732 733 735 734 736 719 738 737 718 739 740 741 743
3666 727 728 725 726 729 724 731 730 723 722 732 733 721 734 735 736 738 720 737 719 739 740 743 741 742
3667 728 729 727 730 726 731 732 725 723 724 733 734 735 736 722 738 721 737 739 740 741 720 742 743 719
3668 729 730 728 727 726 725 732 731 724 733 734 735 723 736 737 722 738 739 721 740 741 742 743 720 744
3669 731 729 730 732 728 727 733 726 734 725 735 724 736 737 738 739 723 722 740 741 721 742 743 744 745
3670 732 733 730 731 734 735 729 736 728 738 737 727 739 726 741 740 725 724 742 743 744 746 745 723 722
3671 734 732 735 733 736 731 737 730 738 739 729 740 742 727 728 743 741 744 726 745 725 724 723 721 104
3672 732 735 736 733 734 737 731 730 740 738 739 742 729 728 744 727 743 741 745 726 725 724 723 722 721
3673 737 736 735 734 739 738 733 740 731 732 742 743 741 729 745 730 744 728 727 726 725 724 723 722 721
3674 736 738 737 735 739 740 742 734 732 733 741 731 743 744 730 745 729 728 727 726 725 724 723 722 721
3675 736 739 738 737 741 740 744 742 735 733 743 734 745 732 731 730 729 728 727 726 725 724 723 721 722
3676 738 740 737 739 736 742 743 744 741 735 734 745 733 732 731 730 729 728 727 726 725 723 724 582 109
3677 738 739 742 743 740 744 741 736 737 745 735 733 734 732 731 729 730 728 727 726 725 110 114 108 109
3678 741 739 742 743 740 738 737 744 745 736 735 734 733 732 731 730 729 728 727 726 725 110 108 109 112
3679 744 743 742 741 739 745 738 737 740 746 736 735 734 733 732 730 729 731 728 727 726 725 724 100 581
3680 744 739 740 745 738 736 742 743 741 737 734 733 735 732 731 729 730 728 727 726 725 724 582 3543 3544
3681 744 743 740 738 739 741 742 737 736 735 733 732 734 731 729 728 730 727 726 725 724 3543 584 3545 3544
3682 742 744 745 743 746 747 748 741 739 740 749 738 737 736 735 732 733 734 753 731 729 730 728 727 726
3683 745 744 747 743 742 746 748 749 740 739 750 741 752 751 738 737 736 753 754 735 755 733 756 734 731
3684 744 747 742 746 745 748 743 749 751 750 752 753 754 755 756 757 584 582 3546 3545 3543 3544 1403 1410 580
3685 744 748 745 747 746 743 750 749 751 752 753 754 756 755 757 758 1404 1405 1403 1400 1401 1406 1408 1398 1402
3686 747 745 748 749 744 746 750 751 752 753 754 755 756 757 758 759 761 1402 1403 1398 1399 1400 1401 1404 1405
3687 745 746 748 747 744 750 749 743 751 752 753 754 755 756 757 758 759 760 761 762 1403 1404 1402 1405 1398
3688 746 747 745 748 751 749 750 744 743 752 753 754 757 755 756 759 758 761 760 762 1398 1399 1402 1401 1403
3689 748 747 746 749 751 745 744 750 752 743 755 754 742 756 753 757 758 759 760 761 762 763 1404 1406 1405
3690 747 751 749 748 750 746 744 745 752 753 754 755 756 757 758 759 761 760 762 763 764 765 1403 1400 1401
3691 751 749 748 752 750 747 753 746 754 744 745 755 757 756 758 759 762 760 761 763 764 765 1400 1401 1404
3692 751 752 753 748 750 749 747 754 746 755 744 745 756 757 758 759 760 762 761 763 764 765 766 767 1398
3693 753 752 751 754 750 749 755 748 747 756 757 746 758 745 744 759 760 761 762 763 764 765 766 767 768
3694 755 754 753 752 751 748 750 756 746 747 745 749 759 757 760 758 762 761 763 764 765 766 767 768 1394
3695 755 754 757 756 758 753 752 751 750 749 759 748 747 760 746 761 745 762 763 764 765 766 767 768 769
3696 756 757 755 754 753 758 759 752 751 760 750 749 747 748 761 746 762 745 763 764 765 766 767 768 769
3697 756 757 755 758 754 759 753 760 752 751 761 762 750 749 748 747 763 764 746 765 766 767 768 769 1385
3698 758 757 759 756 755 760 754 753 761 762 752 763 751 750 764 747 748 749 746 765 766 767 768 769 770
3699 759 758 760 757 761 762 756 755 763 754 764 753 765 766 767 751 752 750 747 748 749 768 769 770 771
3700 759 760 758 761 762 755 763 756 757 764 754 766 765 751 752 753 767 750 747 749 748 768 769 770 771
3701 761 762 763 764 760 765 766 767 759 758 768 757 769 756 755 754 770 753 771 751 752 772 750 748 749
3702 762 763 761 764 765 766 767 768 760 759 769 770 758 757 771 755 756 754 751 772 753 750 752 773 749
3703 763 764 761 762 765 760 766 767 759 757 768 769 758 756 754 770 771 755 772 753 751 750 752 773 749
3704 764 765 763 762 766 767 761 768 760 769 770 771 757 759 772 758 756 773 755 754 774 751 752 92 89
3705 766 765 767 764 768 763 769 770 762 771 761 772 760 773 757 774 759 775 758 756 755 776 754 872 873
3706 767 766 768 765 764 769 770 771 772 763 762 773 761 774 775 760 776 757 759 754 755 756 758 777 872
3707 768 767 769 770 766 765 771 764 772 773 774 763 775 776 762 761 777 760 778 757 2631 759 755 877 876
3708 769 770 768 771 767 764 766 765 772 773 774 775 763 762 776 761 760 777 757 778 759 2631 2630 756 2629
3709 770 769 771 768 772 767 773 766 774 765 775 764 776 763 777 762 778 761 779 760 2631 2628 873 2633 2627
3710 771 772 770 773 774 769 775 768 766 767 765 776 777 764 778 779 763 762 2632 2631 2633 761 2630 2629 2634
3711 772 773 774 775 771 770 776 777 769 768 767 778 766 765 764 779 780 763 781 2635 2633 2634 2632 762 2631
3712 773 774 772 775 771 770 776 769 777 768 778 767 766 765 779 764 780 763 2633 2634 2635 2632 781 762 2631
3713 774 775 773 772 771 776 770 777 769 768 778 767 766 779 765 764 780 781 763 782 2635 251 2559 762 249
3714 775 774 776 773 772 777 778 771 770 779 769 767 780 766 768 765 781 764 782 2634 2633 2635 763 2632 2631
3715 776 777 775 778 774 773 779 772 780 771 770 781 769 782 767 768 766 765 783 764 2633 2635 763 2634 785
3716 777 778 779 776 775 780 774 773 781 772 782 771 770 769 783 768 765 767 766 764 784 763 2633 2635 785
3717 779 778 780 777 781 776 782 775 774 783 773 772 771 784 770 769 785 765 768 766 767 786 764 787 2631
3718 780 779 781 782 778 777 783 784 776 775 774 773 772 785 771 769 786 770 768 787 767 765 788 2631 764
3719 781 782 780 783 784 779 785 778 777 786 776 775 787 774 773 772 771 769 770 788 2631 2632 789 2635 2634
3720 782 783 781 784 780 785 779 786 778 777 787 776 775 774 788 773 772 789 771 2632 2633 2630 3083 790 3082
3721 783 782 784 781 785 780 786 787 779 778 777 788 776 775 789 774 773 772 791 790 2631 2634 2635 2633 2632
3722 784 785 783 782 786 781 787 788 780 789 779 778 777 790 776 775 791 774 2633 792 2632 2635 793 331 2634
3723 786 785 787 784 788 783 789 782 781 790 780 791 792 779 793 777 778 796 794 776 795 775 2636 2632 2635
3724 787 786 788 785 784 789 783 790 782 781 791 780 792 779 793 794 778 795 777 796 776 2636 2634 2633 775
3725 788 787 789 786 790 785 784 783 791 782 781 792 780 793 794 795 779 796 797 778 777 2633 2634 2635 2636
3726 789 788 790 791 787 786 785 792 784 793 783 796 794 782 795 797 781 798 780 779 778 2636 2769 3056 2635
3727 790 791 789 792 788 793 787 786 785 784 794 796 783 795 797 798 799 782 781 800 780 2631 2636 2632 2630
3728 792 791 790 793 789 788 787 786 794 785 784 796 798 795 783 797 799 782 781 800 780 801 2631 2630 3056
3729 792 793 791 794 790 795 789 788 796 787 786 798 799 797 785 800 784 783 782 801 802 781 2632 2631 3056
3730 794 793 795 792 791 796 790 789 788 787 798 797 799 786 800 785 784 801 783 802 803 916 2632 2636 2633
3731 795 794 796 793 792 798 791 797 790 799 789 788 800 787 786 785 801 784 802 803 783 804 2633 2632 912
3732 796 795 797 794 798 793 799 792 791 790 800 789 788 787 786 801 802 785 803 804 805 3063 3040 806 2633
3733 798 799 800 797 801 802 796 794 803 804 793 795 805 792 791 790 806 3036 3035 3054 3063 3040 3039 3062 3064
3734 799 798 800 797 801 802 796 795 804 803 794 805 792 806 885 793 3055 916 884 807 790 3036 886 883 2666
3735 799 798 800 801 797 802 804 796 795 803 805 806 794 792 793 807 3055 808 791 2769 3036 886 888 887 2669
3736 801 800 799 802 798 803 804 805 806 797 807 808 796 809 795 794 3056 3037 3057 3036 793 810 3042 811 3055
3737 802 801 803 804 805 800 799 798 806 807 797 808 809 810 811 796 795 812 794 3038 3036 3037 3057 3035 3046
3738 802 804 801 803 805 806 800 799 807 798 808 809 797 811 810 812 813 3049 3048 814 3050 796 3038 3047 3036
3739 804 805 803 802 806 801 807 808 800 799 809 798 811 812 810 813 797 814 3037 3038 3049 815 3036 3040 3057
3740 806 805 807 804 803 808 809 801 802 800 799 811 812 798 810 813 814 815 3036 3037 3048 928 3038 3049 3035
3741 807 808 806 809 805 811 810 812 801 804 813 814 800 802 815 803 799 3055 3040 3054 3049 3039 3052 3038 3037
3742 808 809 807 810 806 811 805 812 813 814 815 802 803 804 801 3039 3056 3055 3040 3057 3049 3041 800 3054 3038
3743 809 810 811 808 807 812 813 806 814 815 805 804 803 2640 802 3055 3054 3039 2634 3040 3056 3053 3041 2639 816
3744 810 811 812 809 808 813 814 815 807 806 805 804 2634 2640 816 3040 3056 2643 3039 803 3054 3044 2639 3038 2641
3745 812 811 813 810 814 815 809 808 807 806 805 816 2643 3054 2640 3056 2639 821 2638 818 3058 3040 3038 3055 2641
3746 813 814 812 815 811 810 809 808 816 807 822 821 817 806 818 819 2639 820 2640 3041 2643 3054 2644 3039 3042
3747 814 813 815 812 811 816 810 809 808 822 823 817 821 818 824 2640 819 820 2643 2639 807 3041 3054 2644 3039
3748 815 816 814 817 813 812 818 819 820 811 821 822 810 809 823 808 2640 2748 824 825 3048 3046 3047 2747 2639
3749 817 816 818 815 819 814 813 820 812 821 822 811 823 810 824 825 2640 826 2641 2642 2639 827 2644 3048 2643
3750 818 817 819 816 820 815 821 814 813 822 812 823 811 824 825 826 810 827 2640 3044 828 2642 3049 3047 2646
3751 819 820 818 821 822 817 823 816 824 815 814 825 826 813 827 828 2641 829 812 2642 3054 3045 811 2643 3048
3752 820 821 822 819 818 823 824 817 815 825 816 826 827 814 2643 2642 2641 3046 3047 828 2644 813 829 3049 2645
3753 821 822 820 819 823 824 818 825 817 826 816 827 815 2645 828 814 2644 2643 813 3055 829 2646 3047 3049 3048
3754 822 823 824 821 825 826 827 820 828 2645 2646 2643 2644 829 819 3047 3049 3050 3046 3055 3048 3041 3054 815 831
3755 824 823 825 826 822 827 828 821 829 830 2646 832 3049 831 3048 3050 2645 2647 3047 820 3041 2644 3056 3055 3051
3756 825 826 824 827 828 823 829 822 830 831 821 832 2646 844 3048 2647 3047 833 3049 3046 3050 3051 2645 2648 3057
3757 826 827 825 828 829 824 830 831 823 832 833 822 844 821 834 820 3047 2647 2648 3048 3055 2646 3054 3057 3046
3758 828 827 826 829 830 831 825 824 832 833 823 822 834 844 835 836 3047 2647 821 3056 2648 839 3046 840 3054
3759 829 828 830 827 831 832 833 826 825 834 835 836 824 844 843 840 823 839 842 841 822 837 3054 3047 3052
3760 830 831 829 832 828 833 834 827 835 836 826 844 840 838 839 837 841 843 825 842 845 847 3056 2649 2648
3761 831 832 833 834 830 829 835 836 828 839 840 838 837 841 844 827 842 826 843 845 847 846 825 3057 2649
3762 833 834 832 835 831 836 839 830 840 837 838 841 842 829 843 844 828 847 845 827 846 826 3056 2648 3058
3763 835 834 833 836 832 837 840 839 838 831 841 830 842 844 843 829 828 845 847 827 846 826 3056 2650 3037
3764 836 837 835 838 839 840 834 841 833 842 843 844 832 831 830 845 829 846 828 3056 3057 827 2653 2654 3037
3765 837 839 838 836 840 841 835 842 843 834 833 844 832 845 831 846 830 829 2654 2653 3057 828 3037 2633 3058
3766 839 838 840 841 837 842 843 836 844 835 845 846 847 850 848 851 849 834 852 833 832 853 831 854 3058
3767 840 841 842 843 839 844 838 837 847 845 836 846 835 848 851 850 849 834 852 853 833 832 854 831 1732
3768 842 841 840 843 844 839 847 838 846 845 837 848 851 849 850 836 835 852 853 834 854 833 832 1732 1729
3769 843 844 842 847 845 846 848 841 849 840 851 850 839 852 854 853 838 855 130 856 1575 1573 125 2236 129
3770 845 844 843 846 847 848 842 849 850 851 841 840 852 853 854 839 855 856 858 857 131 1576 1575 2236 130
3771 846 845 847 844 843 848 849 850 842 851 852 853 841 840 854 855 856 857 839 858 1731 126 1572 124 1573
3772 848 847 849 846 845 844 843 850 851 852 853 842 854 855 856 841 858 857 840 859 839 838 1566 119 1568
3773 849 848 850 847 852 851 846 853 845 854 844 855 843 856 857 858 859 842 841 840 2607 2609 839 2610 2608
3774 850 851 849 853 848 852 854 847 855 846 856 857 845 844 858 843 842 841 2610 2609 2612 2611 840 2608 3678
3775 852 851 853 854 850 855 849 856 857 858 848 847 846 845 844 843 842 2612 2611 3678 3675 2610 2609 3681 3671
3776 853 854 852 855 851 856 857 849 858 850 859 848 846 847 845 844 843 842 2612 736 734 2611 3677 735 3671
3777 854 855 853 856 857 852 858 851 859 850 848 849 846 847 845 844 843 2609 2615 2610 2613 2614 741 2612 2611
3778 856 857 855 854 858 853 859 852 851 850 849 848 846 847 845 844 843 2613 2614 2615 2612 741 2611 734 736
3779 857 858 856 859 855 854 853 860 852 861 851 850 849 848 847 846 845 868 844 2610 2612 2614 2609 2613 2611
3780 859 860 858 857 861 856 862 863 855 854 864 853 852 865 851 866 850 848 849 867 868 869 741 740 2613
3781 860 859 861 858 862 857 863 864 865 866 867 868 869 2617 870 2614 2616 2615 750 871 749 752 741 755 756
3782 861 862 860 859 863 858 864 857 865 866 867 868 869 870 2617 2616 871 2614 2615 765 766 872 2618 750 2619
3783 862 861 863 864 860 859 865 858 866 867 868 869 870 871 872 2615 2617 756 2616 750 761 762 752 753 754
3784 864 865 863 866 861 862 867 860 868 859 869 858 870 871 872 2621 2617 756 873 757 2620 755 754 750 2616
3785 865 866 864 867 863 868 862 861 869 859 858 860 870 872 871 873 2617 750 756 751 755 760 762 2623 761
3786 866 867 865 868 869 864 863 862 861 859 860 870 858 872 871 873 2620 2621 2619 874 2625 875 761 757 86
3787 868 867 869 870 866 871 865 872 873 863 864 862 860 859 861 858 760 761 763 758 762 757 759 875 876
3788 869 870 868 871 867 872 866 865 873 864 863 874 862 2626 760 2625 2624 860 763 876 859 861 764 762 759
3789 870 871 869 868 872 873 874 867 866 864 865 862 863 876 860 875 2625 2626 3056 861 2624 2674 764 2627 877
3790 871 872 873 874 870 875 869 868 867 865 866 862 2625 2626 877 763 2627 764 762 2624 876 767 768 878 765
3791 873 872 871 874 876 875 870 869 867 868 2626 877 2625 866 880 2624 878 2627 865 2633 785 2675 2674 769 2623
3792 874 873 876 877 872 875 878 871 880 2627 3057 2635 3058 879 2628 2626 3059 2629 2625 773 3055 3062 881 767 3063
3793 875 876 874 877 873 878 872 879 870 871 869 868 782 787 880 788 781 3724 786 867 785 3720 783 3721 766
3794 876 877 878 879 875 880 874 881 873 882 2631 2630 3060 883 2635 3058 3062 2629 868 3059 2636 769 884 886 3709
3795 878 877 879 876 880 881 875 874 882 873 883 3060 870 871 2632 884 2631 3063 2635 3062 3059 2630 3061 3058 3057
3796 879 880 878 881 877 882 876 874 875 883 870 867 868 873 2633 871 869 884 2632 3063 3060 3062 885 2631 866
3797 880 879 881 882 878 883 877 876 875 884 874 885 2633 886 871 2632 873 3063 2631 3729 870 3062 3065 3058 872
3798 881 882 883 880 879 884 885 886 878 887 877 888 874 2632 2633 2634 876 2631 873 3065 869 870 3063 3058 871
3799 882 883 881 884 880 885 886 879 887 888 878 889 2632 877 2634 874 2633 3063 2666 3065 2631 876 2630 3062 3054
3800 883 884 882 885 886 881 887 888 880 879 889 2633 2632 2634 878 2666 2667 3054 3065 2631 3055 2665 3720 2630 782
3801 884 885 883 886 887 882 888 889 881 880 879 890 891 3055 2634 2667 2643 2633 2645 2644 892 3733 798 2632 878
3802 885 887 886 888 884 889 883 882 881 890 880 891 2633 2634 3065 892 2646 2645 3064 3042 3066 2632 3055 3057 879
3803 887 888 889 886 885 884 890 891 883 892 882 893 894 881 2634 2633 3048 2646 880 3066 3065 3724 2669 3042 3054
3804 888 889 887 891 886 890 892 885 884 893 883 894 895 882 896 897 3043 902 3040 787 881 789 3039 3057 3049
3805 889 890 891 888 892 893 887 886 894 885 884 883 895 896 882 3038 3036 3039 3035 3049 3040 3058 3041 3159 3042
3806 891 890 892 893 889 888 887 894 886 885 895 884 3036 896 3045 3046 3048 3047 897 883 3056 899 3166 898 2643
3807 891 892 893 890 889 888 894 887 895 896 886 897 3047 3046 899 3036 3045 898 3035 3048 3040 3056 2644 3057 2648
3808 893 892 894 891 890 895 896 889 888 897 898 899 3048 3047 901 3046 3057 2532 902 3049 906 900 3058 3054 3162
3809 894 893 892 891 895 896 897 890 898 889 900 899 888 3038 3037 3048 903 3047 3036 2532 2646 2645 3057 3049 3058
3810 895 892 894 893 897 891 896 898 890 889 900 901 902 903 2534 899 888 3061 3056 2533 2532 3176 2535 3058 3177
3811 897 896 898 894 895 900 899 893 901 892 902 891 903 890 904 3039 3040 889 3038 2769 3049 3047 3048 3050 2649
3812 898 897 899 896 900 901 895 903 902 894 904 893 892 905 891 890 3039 3040 3038 2769 3041 2650 3049 3045 3047
3813 899 898 900 897 903 896 901 902 904 905 895 894 893 906 892 3039 3040 3038 3043 3041 3058 3049 3044 3057 3052
3814 900 899 898 903 901 902 897 904 896 905 906 895 907 894 893 3040 3039 892 3051 3058 3059 908 3050 3055 3049
3815 901 902 900 903 899 898 904 905 906 897 907 896 895 908 909 3044 3045 3059 3058 2630 3053 910 3043 3057 2631
3816 902 903 901 900 904 899 905 898 906 907 897 908 896 909 911 895 912 894 910 3044 3045 3046 3052 3051 3041
3817 904 905 906 907 903 908 901 909 900 902 911 910 912 899 897 896 3053 898 3041 3052 3046 2632 1597 3051 895
3818 905 904 906 908 907 909 903 910 912 911 901 902 900 899 897 898 913 3053 896 895 3056 886 3041 3046 3052
3819 906 905 907 908 904 909 910 911 912 902 903 913 901 900 899 898 3043 3045 3042 895 2632 897 3041 3061 3054
3820 907 906 908 905 909 904 910 911 912 913 903 914 902 915 901 900 899 927 898 3054 2632 3053 895 3093 1901
3821 908 910 907 909 906 905 911 904 912 913 914 915 903 916 902 901 900 899 917 927 898 3054 1004 3053 2632
3822 909 910 908 907 911 906 913 912 914 905 915 904 916 917 903 918 902 919 901 900 3056 3054 899 1519 1518
3823 911 910 912 909 913 908 907 914 906 916 915 905 917 918 904 919 903 902 922 791 1006 3729 3727 3728 792
3824 912 913 911 910 914 909 915 916 908 907 917 906 918 919 920 905 904 903 921 922 923 793 3729 792 791
3825 913 914 912 915 911 916 910 917 918 909 906 907 908 919 920 905 921 904 903 923 922 902 791 793 3729
3826 914 915 916 917 913 912 918 919 911 908 909 910 920 906 907 921 904 922 905 923 924 3733 793 791 796
3827 916 915 917 914 918 919 920 921 913 912 911 909 908 910 922 907 923 924 925 906 926 905 904 3733 3732
3828 917 916 915 919 918 920 914 921 912 911 913 922 910 909 924 925 923 926 798 3733 797 796 3732 3738 790
3829 918 919 920 917 916 921 915 922 914 925 924 923 913 912 926 911 909 927 908 910 3734 799 798 3733 803
3830 920 919 918 916 917 921 915 922 927 914 926 925 923 924 928 913 929 912 911 930 3737 910 3736 3734 798
3831 921 922 920 919 924 923 918 925 917 916 915 926 914 913 927 912 928 929 911 3737 3736 801 798 3735 796
3832 922 923 921 925 924 920 919 926 917 918 927 916 915 914 929 928 913 912 3737 801 798 800 911 930 3736
3833 923 924 922 925 926 921 920 927 919 918 917 928 916 929 915 930 799 796 798 3733 3732 3734 797 3731 800
3834 925 924 926 927 923 922 921 920 929 928 919 918 930 917 931 932 798 3734 933 800 797 3735 799 916 3738
3835 926 925 927 924 928 923 929 922 921 920 919 918 930 931 932 933 3735 800 798 801 3736 802 799 797 3733
3836 928 927 929 926 925 924 930 923 922 921 920 919 931 918 932 933 907 906 800 917 798 3735 3737 797 799
3837 928 929 927 930 926 925 931 922 924 923 932 921 933 934 920 935 919 918 906 905 3734 802 799 3737 801
3838 929 930 932 931 928 933 927 934 935 926 936 925 924 937 923 922 921 920 3738 3737 918 1739 919 803 1900
3839 933 932 934 931 930 929 936 935 937 928 938 939 927 940 942 941 926 924 943 925 923 922 901 800 1906
3840 934 935 932 933 936 937 931 938 929 930 928 939 940 927 941 943 926 942 925 946 944 945 947 3184 2158
3841 935 936 934 937 938 933 939 932 940 941 931 930 942 929 943 947 944 946 945 948 949 950 2158 951 3184
3842 938 937 936 935 939 934 940 941 942 933 932 943 930 931 946 944 947 945 929 948 951 949 950 928 927
3843 939 940 941 938 937 942 936 935 943 934 944 945 933 946 932 947 948 949 951 950 952 931 930 2159 929
3844 943 944 942 946 941 940 945 947 939 937 948 938 935 936 951 949 950 952 932 953 954 930 931 956 957
3845 944 945 943 946 942 941 940 947 939 948 938 949 937 951 950 936 952 953 935 955 954 933 956 957 958
3846 946 947 945 948 944 949 943 942 950 941 951 940 953 939 952 938 955 937 957 936 954 956 959 960 958
3847 948 949 950 946 945 947 944 951 943 953 952 942 954 941 955 940 939 956 938 957 937 959 936 960 958
3848 952 950 951 953 954 955 948 949 947 946 945 956 957 944 943 958 942 939 940 938 941 937 936 3109 3108
3849 952 951 953 950 955 948 949 954 947 945 956 946 944 957 943 942 958 941 940 939 938 937 1954 1953 1948
3850 951 953 952 955 954 950 948 949 956 957 947 946 958 945 960 944 943 942 940 941 939 937 938 3106 3110
3851 955 952 951 953 954 950 948 956 949 957 947 946 958 959 960 961 945 943 944 942 941 940 3110 3111 3112
4437 1 0 2 3 4 5 6 7 8 9 10 3112 1718 1717 11 3114 1021 3026 1719 3856 4357 4282 3025 1018 1020
4438 0 1 2 3 4 5 6 7 8 9 10 1717 3025 3114 1718 972 1018 1020 4265 1217 3115 3026 1021 4266 1019
4439 0 1 2 3 4 5 6 7 8 9 10 3115 726 1717 3025 4266 3116 1021 3282 3285 727 11 3275 3283 1218
4440 0 1 2 3 4 5 6 7 8 9 10 1643 3115 3024 3025 11 1021 3851 3282 4358 3026 725 3027 3116 3023
4441 0 1 2 3 4 5 6 7 8 9 10 4265 205 1543 1544 11 3024 207 4390 1542 3026 3025 3027 1545 3851
4442 0 1 2 3 4 5 6 7 8 9 10 11 3115 1544 1543 4265 3026 1542 3280 3283 3282 3025 1541 3027 3853
4443 0 1 2 3 4 5 6 7 8 9 10 11 1543 1544 3115 3858 1542 1545 1541 4362 3026 3025 3027 4265 1548
4444 0 2 1 3 4 5 6 7 8 9 10 11 12 3858 1544 205 1545 1543 4362 4363 1542 1541 1641 3661 724
4445 0 1 2 3 4 5 6 7 8 9 10 11 12 3858 1542 1541 1545 13 1544 1543 14 1540 205 1641 206
4446 1 0 2 4 3 5 6 7 8 9 10 11 12 1540 3858 1538 1539 13 205 14 28 25 3025 29 3857
4447 2 1 0 4 3 5 6 7 8 9 10 11 12 13 1542 1544 1645 3858 1543 14 1541 3859 1540 1536 28
4448 1 0 2 3 4 5 6 7 8 9 10 11 12 205 1537 13 3859 3853 1540 1539 1536 3858 1538 3571 206
4449 1 3 0 2 4 5 6 7 8 9 10 11 12 13 14 15 16 2332 17 1644 205 4359 204 4358 4357
4450 1 2 4 5 0 6 3 7 8 9 10 11 12 13 14 15 16 17 1646 4360 3853 207 206 4359 1642
4451 4 3 0 5 1 2 6 7 8 9 10 11 12 13 14 15 16 17 4359 206 4360 207 31 22 4357
4452 4 3 5 6 2 1 0 7 8 9 10 11 12 13 14 15 16 17 31 18 29 30 28 1528 3566
4453 5 4 3 7 6 2 1 9 8 0 10 11 12 13 14 15 16 17 18 29 32 608 3567 28 4359
4454 4 6 5 3 7 8 0 1 2 9 10 11 12 13 14 15 16 17 30 1543 1539 1540 34 33 32
4455 5 6 8 4 7 2 3 9 1 10 0 11 12 13 14 15 16 17 18 33 35 34 657 30 3022
4456 5 8 7 6 9 4 3 2 1 10 0 11 12 13 14 15 16 17 18 34 33 1539 3024 3022 3021
4457 8 9 6 3 7 2 5 4 10 11 12 1 13 0 14 15 16 17 18 1539 1540 34 4316 45 36
4458 8 6 9 5 7 4 10 3 12 13 11 2 1 14 0 15 16 17 18 1528 35 1539 1529 1538 37
4459 8 7 10 6 11 5 9 4 13 12 2 1 14 3 15 0 16 17 18 19 20 641 1529 1528 4318
4460 10 11 8 7 13 9 12 6 5 14 4 15 3 16 2 17 1 18 0 19 1537 3827 1530 609 35
4461 11 12 13 10 14 9 15 7 8 16 6 17 5 18 19 4 20 3 2 1 0 1539 1530 1538 1537
4462 12 13 14 16 11 15 17 18 10 8 19 9 20 21 7 22 6 5 4 33 3 23 644 1506 1530
4463 13 14 12 15 16 17 11 18 19 10 20 9 21 22 8 7 6 23 5 24 1504 1492 39 38 25
4464 16 17 14 15 13 12 18 11 19 20 21 10 22 23 9 8 7 6 24 5 1536 31 1529 1514 25
4465 16 15 14 17 18 13 12 11 19 20 21 22 23 9 10 24 33 32 7 651 31 3603 6 3613 8
4466 16 17 18 15 12 14 13 19 20 21 11 22 23 24 25 10 9 33 31 1534 8 1533 40 1535 1514
4467 17 18 16 15 14 13 19 20 12 21 22 23 24 25 11 26 34 10 3612 647 679 646 3601 664 645
4468 18 19 20 17 21 16 22 15 23 14 24 13 25 26 12 27 664 1514 10 11 3613 1513 3614 666 34
4469 20 19 18 21 22 17 23 16 24 15 25 26 14 13 27 12 1513 11 10 1523 35 3614 664 32 679
4470 21 23 20 22 24 25 19 18 17 26 16 27 15 28 29 14 13 1513 31 33 11 30 1493 3602 666
4471 23 22 21 24 25 20 26 19 18 17 27 28 29 16 15 30 14 1534 3607 3616 31 1511 3618 13 680
4472 23 24 21 25 22 26 20 27 19 18 28 29 30 17 31 16 15 658 1513 1511 3609 631 14 1510 3607
4473 24 25 23 22 21 26 27 20 28 19 29 30 31 32 16 1511 18 15 1447 3604 3584 629 668 33 3606
4474 25 24 26 23 27 22 28 21 20 29 19 30 31 32 33 660 3607 3606 654 3610 668 635 1509 1510 3617
4475 26 25 27 24 28 23 22 21 29 30 20 31 32 33 34 3607 3606 1509 656 3608 657 654 3609 3604 658
4476 27 26 28 25 24 29 23 22 30 31 32 21 33 20 34 657 3608 3604 658 3607 1513 3609 653 656 3606
4477 28 29 27 30 26 25 31 24 32 23 33 22 34 35 3608 3609 3607 657 653 658 3606 1512 646 3610 671
4478 30 29 31 32 33 28 27 25 26 34 24 35 3610 658 660 677 657 659 3609 3624 3620 3625 3608 678 71
4479 31 30 32 33 29 34 35 28 27 26 36 658 3609 1506 3624 3610 3622 676 3621 677 1474 674 1475 3623 1476
4480 31 33 32 30 34 29 35 36 28 27 661 3624 677 678 3625 37 3622 1506 3623 676 679 660 1504 3611 662
4481 32 31 33 30 34 35 36 29 37 38 28 3624 3625 662 3626 678 677 3622 679 1474 3623 674 676 3612 675
4482 34 33 35 32 36 31 37 38 30 39 29 678 3624 3623 3604 676 3626 679 3625 663 677 675 652 3592 680
4483 35 34 36 37 33 38 39 32 31 30 653 3605 679 664 3624 663 652 676 677 3604 3592 3613 680 3567 639
4484 36 35 37 38 34 39 33 32 40 654 41 653 665 3625 3567 3604 678 3606 3624 676 3626 3594 3605 3615 3607
4485 37 38 36 35 39 40 41 34 33 42 3596 3611 641 3595 3594 32 3615 644 3606 640 3597 650 662 642 639
4486 38 39 40 37 36 41 35 42 34 43 3607 656 643 3608 657 653 668 667 3617 651 654 3606 3615 666 678
4487 39 40 38 41 42 37 36 43 35 44 643 3596 683 3594 642 641 640 653 3606 646 667 651 639 1469 3605
4488 40 41 42 39 43 38 44 37 45 658 3608 3609 644 641 643 663 3596 3597 3628 1474 646 3610 3629 669 681
4489 42 41 43 44 40 45 39 38 46 3610 3617 668 3607 660 656 654 664 658 3609 3605 662 667 3614 659 657
4490 43 42 44 45 41 40 46 39 47 660 645 646 3598 643 3596 644 3610 655 3606 3608 3597 3607 3599 3633 659
4491 43 44 45 42 46 47 41 40 48 661 1477 3611 49 3610 662 648 645 660 3613 649 3612 3626 688 679 667
4492 45 43 44 46 47 42 48 41 49 3613 659 662 3611 3610 661 649 3601 3614 3615 660 3612 1477 3624 645 664
4493 46 45 47 48 44 43 49 42 50 3614 663 662 664 661 3604 3612 3613 3611 670 3603 660 3626 669 3606 1477
4494 47 46 48 45 44 49 43 50 51 660 3612 661 3611 3598 664 3626 3614 663 662 1462 42 3604 3597 659 3618
4495 48 47 49 46 50 51 45 52 44 3611 661 3624 660 677 664 3604 662 3615 3613 663 3601 665 3598 666 676
4496 49 48 47 50 46 51 53 52 45 1473 3621 664 667 666 677 1460 673 651 649 665 668 1461 3614 676 662
4497 50 51 52 49 48 53 47 54 46 1472 3617 1458 668 1481 653 3618 650 662 661 673 3621 3622 3602 3612 675
4498 51 52 50 49 53 54 48 55 56 47 3617 668 1481 677 664 654 3601 3606 663 3611 1459 644 3613 3623 665
4499 53 52 51 50 54 49 55 56 48 57 664 3617 668 665 1481 3614 669 3618 663 667 3616 685 3625 678 3615
4500 54 53 55 52 56 51 57 50 58 3616 3617 668 3618 667 3619 670 669 671 677 686 659 3632 3625 678 3610
4501 55 56 54 53 57 58 52 59 51 3616 3617 668 667 671 3619 677 3611 3618 678 3625 653 670 656 3610 687
4502 56 57 55 58 59 54 60 53 61 3620 672 660 3611 3612 3610 3634 677 688 661 3617 671 668 1478 3619 659
4503 57 58 59 56 60 55 61 54 62 53 662 3618 663 670 1477 672 3612 664 669 661 3611 671 1479 3613 3619
4504 59 58 60 57 56 61 55 62 63 3619 663 3613 3620 671 54 1478 672 3612 3622 662 674 1475 670 664 647
4505 60 61 58 59 62 57 63 64 56 664 3613 663 3620 671 1478 675 662 3619 3623 665 673 648 672 1474 674
4506 61 62 60 63 64 59 58 65 66 3615 3614 3621 665 673 672 664 3620 666 674 649 671 3622 662 3613 3612
4507 62 61 63 64 60 65 66 67 59 68 3622 3616 673 3621 666 674 672 665 3618 3615 659 669 3601 3614 3620
4508 63 64 65 62 61 66 67 60 68 668 667 3616 3615 3614 665 673 666 3623 3610 671 674 3617 3622 669 664
4509 65 63 66 64 67 62 68 61 69 668 667 3624 3617 674 651 669 676 3603 652 3625 677 653 660 3626 3611
4510 66 65 67 68 64 69 63 70 62 669 71 3616 653 3617 3618 667 639 668 3625 3604 677 651 654 3593 676
4511 67 68 66 69 65 70 71 64 72 63 638 639 669 3591 670 676 3625 3593 653 652 3619 654 3606 3605 671
4512 69 68 70 67 71 72 66 73 74 65 75 639 638 640 654 671 76 3619 3620 3606 3593 3594 670 679 641
4513 70 72 71 69 73 68 74 67 75 76 77 66 78 640 672 3621 657 656 673 3620 639 3593 642 3608 3595
4514 71 72 70 73 69 74 75 76 77 68 78 641 79 3595 640 3594 3608 3593 681 3628 673 642 657 674 3625
4515 72 73 74 71 75 70 76 77 78 69 79 80 3596 643 642 641 81 673 3609 3595 640 674 3621 657 658
4516 74 75 73 76 77 78 72 71 79 80 81 82 70 83 644 3596 643 642 3597 645 3598 641 660 3595 84
4517 76 77 75 74 78 73 79 80 72 81 82 83 84 71 3598 85 644 87 645 643 642 86 660 3597 3596
4518 77 78 76 79 80 75 81 82 74 83 84 85 73 86 87 88 644 3597 3599 3598 645 646 89 72 3624
4519 79 78 77 80 81 76 82 75 83 84 85 74 86 87 88 89 3598 3599 73 645 90 646 647 1430 1431
4520 80 81 82 79 78 84 83 77 85 86 87 76 88 75 89 90 1428 1427 3600 648 3601 647 1429 91 1430
4521 82 83 81 84 85 80 79 86 87 78 88 77 89 90 91 76 92 1428 1427 1426 3601 93 96 648 649
4522 84 85 83 86 82 87 81 88 90 80 89 91 79 78 92 96 93 1425 1424 94 98 1426 77 95 3602
4523 86 85 87 88 84 89 90 83 82 91 92 81 93 96 94 95 80 98 97 1425 79 1424 101 1426 102
4524 88 87 86 89 91 90 85 92 84 93 96 94 83 95 97 98 82 99 101 81 100 102 103 1422 1423
4525 90 91 89 92 88 93 87 86 94 96 98 95 97 85 84 99 100 101 83 102 103 107 105 104 106
4526 91 93 92 90 89 88 96 87 94 99 98 97 86 95 100 85 105 84 101 102 104 103 109 107 106
4527 95 94 96 97 93 92 91 98 90 99 89 100 88 87 108 101 102 86 107 103 105 104 109 106 85
4528 98 97 99 96 100 95 101 94 93 102 103 92 105 91 108 106 107 90 104 110 109 89 88 111 87
4529 101 100 99 102 98 103 97 105 104 96 106 95 107 94 108 92 109 110 93 91 90 111 112 89 1555
4530 100 105 104 98 99 97 96 95 103 94 101 102 109 107 93 112 106 92 108 113 91 90 1411 110 1415
4531 107 108 103 105 106 104 109 110 102 100 101 99 98 112 97 111 95 113 96 114 94 116 115 92 1561
4532 109 111 110 112 107 108 113 114 105 1561 1563 115 106 1560 1562 104 1559 1558 1564 116 102 103 100 101 98
4533 1561 1560 113 111 110 109 112 114 1558 1562 1559 1563 115 1564 1557 105 107 1565 108 1555 104 116 106 103 100
4534 1558 1562 1557 1560 1564 110 1556 1561 111 114 1563 106 109 113 112 107 1559 108 1555 1565 115 116 105 1554 101
4535 1560 1558 1559 1561 1563 1556 1562 1555 1554 1557 1564 1553 1565 1552 107 1551 108 1566 1567 102 1550 105 101 1549 99
4536 1557 1558 1556 1555 1560 1559 1554 1553 1561 1562 1552 1564 1563 1565 1551 1566 1567 1549 1550 1548 3545 3546 100 583 1547
4537 1553 1554 1556 1555 1552 1551 1557 1550 1549 1560 1558 1559 1561 1562 1548 1547 1563 1546 1564 1545 1565 1566 1567 1543 97
4538 1552 1553 1554 1551 1555 1556 1550 1549 1557 1548 1547 1558 1546 1560 1559 1545 1544 1561 1562 97 1563 98 1543 1564 102
4539 1549 1551 1550 1552 1555 1548 1553 1546 1556 1547 1554 1557 1545 1544 1558 1560 1559 1543 1561 1542 1562 1563 3550 3552 3551
4540 1548 1549 1547 1546 1550 1551 1545 1552 1544 1556 1543 1553 1555 1554 1557 1542 1541 1558 1560 1559 1562 1561 593 1563 594
