4188 917 918 919 920 921 915 916 1026 1022 1027 1023 111 1019 1162 909 1018 1028 112 395 113 1076 1029 396 910 3421
4189 920 919 916 921 917 918 923 922 1026 1028 1023 924 912 1162 1027 1021 114 1020 1161 1160 1079 926 508 116 915
4190 921 919 920 922 916 917 918 923 926 924 1023 1022 1024 114 1025 1020 1026 1021 1028 1029 1027 1019 1032 318 116
4191 920 921 917 918 923 924 925 919 926 927 922 1023 1025 1026 1024 1022 1020 1021 1027 1028 115 509 3407 1030 1029
4192 920 919 922 921 918 917 924 923 925 926 927 928 1031 115 1023 1025 1024 114 3414 3317 1028 1027 1032 1026 1033
4193 920 921 918 919 924 917 925 923 922 926 927 928 929 234 232 930 3417 3416 3414 115 3419 509 510 1048 3418
4194 922 923 919 924 926 925 918 921 927 920 928 917 929 930 3418 3417 3419 3420 1051 115 3416 931 1049 510 512
4195 924 921 926 927 925 920 923 928 922 929 919 917 918 930 931 1775 932 1777 1774 1773 1778 1779 1768 1770 1767
4196 923 925 926 924 928 927 921 929 922 920 930 918 919 931 932 1774 1773 1770 1768 1771 1772 1769 933 1767 1766
4197 928 925 929 926 924 927 930 923 922 931 916 921 932 920 918 919 917 933 1769 1771 1773 1775 1767 1774 934
4198 928 929 930 925 927 926 931 924 932 923 922 917 916 921 913 915 920 919 933 934 1769 1768 1773 1767 1770
4199 928 930 929 927 931 926 932 925 924 933 922 923 934 917 916 913 915 921 920 911 935 919 936 972 1768
4200 929 928 930 931 932 927 926 933 924 925 934 923 935 922 921 917 919 936 913 937 916 1770 1768 972 938
4201 931 930 932 929 933 928 934 927 935 926 925 924 923 936 922 937 938 921 974 973 939 972 920 975 976
4202 933 931 932 930 934 929 928 935 936 927 926 937 925 938 923 939 973 972 924 970 974 971 965 966 975
4203 932 933 931 934 935 930 936 929 937 928 938 927 939 940 970 973 974 975 976 972 971 980 965 964 1758
4204 933 934 935 932 936 931 937 930 938 929 928 939 927 940 941 974 973 972 966 976 971 975 965 1759 942
4205 935 934 936 933 937 932 938 931 939 930 940 929 941 974 942 976 975 973 943 972 966 967 971 977 965
4206 936 935 937 934 938 933 939 932 940 941 931 942 930 974 976 943 973 977 975 944 966 978 967 965 969
4207 937 936 938 935 939 934 940 941 933 932 942 943 974 931 975 944 978 977 976 973 945 966 979 967 980
4208 938 937 939 940 936 935 941 942 934 943 933 944 945 932 976 975 980 977 946 978 969 966 967 965 968
4209 939 940 938 937 941 936 942 935 943 944 934 945 946 978 977 976 980 979 933 969 968 967 947 966 970
4210 940 939 942 941 938 943 937 944 936 945 946 935 947 978 977 979 980 969 970 934 948 972 967 971 973
4211 941 942 943 940 939 944 945 938 946 937 947 936 979 981 948 977 982 980 973 971 970 972 987 935 974
4212 943 942 944 941 945 940 946 939 947 938 937 979 949 980 948 977 981 983 982 976 950 978 973 974 975
4213 944 943 945 942 946 941 940 947 939 948 979 980 977 978 970 974 975 972 951 969 987 991 976 938 981
4214 945 946 944 943 947 942 948 941 949 940 978 979 980 977 981 982 976 970 983 975 972 984 974 973 939
4215 946 947 945 948 944 949 943 942 941 952 950 982 983 981 953 979 977 984 976 978 972 975 970 990 951
4216 947 948 949 946 950 945 943 951 953 983 985 954 979 987 942 988 981 986 984 952 982 991 976 975 973
4217 948 949 950 947 946 951 945 952 953 954 944 991 955 987 975 985 986 988 979 992 974 990 973 993 984
4218 950 949 951 948 947 952 953 954 955 977 978 988 987 976 989 985 992 946 986 956 993 991 990 984 979
4219 951 950 952 949 953 948 954 955 956 947 978 982 977 983 957 989 987 984 990 981 985 986 988 991 992
4220 952 953 951 954 955 950 956 949 948 957 979 983 981 982 984 980 978 985 986 987 989 991 988 947 990
4221 953 954 952 955 956 951 957 950 958 949 959 979 982 948 983 981 977 984 985 978 991 993 960 996 994
4222 954 955 956 953 957 958 952 959 951 960 961 950 983 982 980 981 984 985 991 979 978 993 995 977 994
4223 957 956 955 958 954 959 953 960 952 961 962 984 983 982 991 985 994 951 981 978 980 979 993 995 977
4224 958 957 959 956 955 960 961 954 953 963 962 983 984 982 985 987 981 979 952 995 991 986 980 977 998
4225 959 960 958 957 961 956 962 963 955 964 954 986 984 981 988 983 987 974 985 991 980 982 975 989 990
4226 960 959 961 958 963 957 956 964 965 962 955 986 991 987 990 979 984 982 983 980 1530 973 989 974 981
4227 961 960 959 962 963 958 957 964 965 956 955 988 987 986 989 981 991 990 985 974 982 979 984 983 973
4228 962 963 961 960 964 959 965 958 966 957 956 988 987 967 989 982 981 975 990 974 991 986 992 994 983
4229 964 963 965 962 961 966 967 960 959 958 984 986 982 983 979 988 976 981 987 969 991 968 989 985 975
4230 965 964 966 963 967 962 961 968 969 960 970 977 979 983 978 980 991 976 982 990 975 987 988 981 995
4231 966 967 965 968 969 964 963 970 962 979 978 980 983 981 982 977 995 996 994 971 990 999 998 988 987
4232 967 968 966 969 970 965 971 964 963 984 982 983 981 972 978 986 977 980 995 985 998 973 996 997 988
4233 969 968 970 971 967 972 973 966 965 976 975 977 987 985 986 964 984 982 983 981 979 980 978 988 991
4234 970 969 971 968 972 973 967 974 977 984 979 976 966 978 983 986 985 982 980 987 981 975 991 988 989
4235 971 972 973 970 974 969 975 968 981 987 976 985 988 986 989 984 982 978 980 967 983 979 991 993 990
4236 973 972 971 974 975 976 970 969 983 988 987 985 981 986 989 979 980 968 982 984 990 991 977 978 992
4237 973 974 975 972 976 977 971 978 979 982 981 987 983 988 990 989 986 984 970 980 991 992 985 993 995
4238 975 974 976 977 978 973 979 972 981 987 988 990 983 992 989 984 991 971 985 986 980 982 993 994 995
4239 976 977 978 975 979 980 981 974 983 984 987 988 992 990 985 991 989 982 986 972 993 995 994 997 996
4240 978 977 979 980 976 981 983 975 984 982 992 985 986 987 990 989 991 993 974 988 995 994 996 997 998
4241 979 980 978 977 981 982 983 976 984 990 992 988 985 991 989 993 975 986 994 995 998 996 987 974 971
4242 981 980 983 979 982 978 984 977 985 988 987 991 990 976 986 989 992 995 994 993 997 998 996 975 999
4243 982 981 983 980 984 985 979 986 978 987 990 989 988 991 994 995 997 992 977 993 996 976 998 975 972
4244 983 982 984 985 986 981 980 987 979 988 989 990 991 992 978 995 997 998 996 993 975 999 973 970 994
4245 984 986 985 983 987 982 988 989 981 980 990 991 992 979 993 994 995 998 974 996 978 973 1002 1000 1003
4246 985 986 987 988 984 989 990 983 992 991 982 993 980 994 981 995 996 979 978 997 975 976 1000 974 1001
4247 987 988 986 989 985 990 991 984 992 982 983 993 981 995 994 996 997 976 978 980 979 998 977 1001 1000
4248 989 988 990 991 987 986 992 993 985 984 983 994 995 997 996 981 998 982 976 978 975 977 1001 979 999
4249 991 990 989 992 988 993 987 994 995 986 996 983 984 985 982 997 981 978 998 979 1002 977 976 975 999
4250 991 992 993 990 994 989 995 988 996 997 987 986 998 979 981 985 978 982 980 983 984 977 1000 999 976
4251 994 993 995 992 996 991 997 990 989 988 998 999 987 986 985 981 982 983 1000 979 984 978 1003 1001 1002
4252 995 996 997 998 994 993 992 991 999 990 1000 989 988 1001 987 984 986 983 985 981 982 980 1005 1006 1002
4253 997 996 998 995 999 994 1000 1001 993 1002 992 991 990 1003 989 1004 984 981 987 982 985 983 988 978 986
4254 998 1000 999 997 996 1001 995 1002 1003 994 1004 993 992 991 1005 987 989 988 984 985 986 983 981 990 1010
4255 1001 1000 1002 999 1003 998 1004 1005 997 996 994 1006 995 993 990 991 988 1008 1007 987 989 1009 986 1010 985
4256 1003 1002 1001 1004 1000 1005 999 998 1006 1007 997 1008 996 995 1009 988 993 992 989 987 991 985 994 986 1010
4257 1005 1004 1003 1006 1007 1002 1001 1008 1009 1000 1010 999 996 998 994 995 997 993 1011 992 991 990 989 988 987
4258 1006 1007 1008 1005 1009 1004 1010 1003 1011 1002 1001 1012 1000 998 999 997 996 995 992 991 990 994 989 993 988
4259 1008 1009 1010 1007 1011 1006 1012 1005 1013 1004 1014 1003 1000 1015 999 1002 1001 996 991 993 992 995 997 994 990
4260 1011 1010 1012 1013 1009 1014 1008 1007 1015 1016 1006 1017 1005 1018 1004 1003 995 997 994 993 1002 999 991 996 1000
4261 1014 1013 1015 1012 1011 1016 1017 1010 1018 1009 1019 1008 1020 1021 1007 1006 1005 1004 1002 997 1001 995 993 998 991
4262 1017 1016 1018 1015 1014 1019 1020 1013 1021 1011 1012 1010 1023 1024 1022 1009 1006 1005 1008 1004 1007 999 1002 1003 995
4263 1019 1020 1018 1017 1021 1022 1016 1023 1015 1014 1025 1013 1026 1024 1027 1011 1012 1028 1030 1029 1031 1009 1008 1010 1003
4264 1022 1021 1020 1023 1024 1019 1025 1018 1026 1017 1028 1027 1029 1030 1032 1016 1033 1014 1034 1015 1035 1031 1013 1012 1036
4265 1024 1025 1028 1029 1022 1023 1027 1021 1026 1030 1031 1020 1032 1019 1018 1034 1033 1017 1016 1035 1015 1036 1037 3418 1014
4266 1029 1027 1028 1025 1026 1024 1030 1023 1022 1032 1031 1021 1020 1019 1034 1017 1033 1018 1016 1035 1038 1036 1037 3418 3417
4267 1030 1031 1027 1032 1026 1029 1028 1025 1024 1022 1023 1033 1021 1034 1019 1035 1020 1036 1037 1018 1038 1039 2013 3414 3418
4268 1033 1034 1035 1029 1027 1028 1031 1026 1032 1025 1023 1036 1038 1024 1030 1022 1037 1021 1020 1019 1040 1039 1043 2011 2013
4269 1036 1029 1030 1031 1032 1033 1027 1028 1034 1026 1025 1035 1023 1022 1021 1037 1038 1024 1039 1040 1046 1043 2005 1042 2011
4270 1030 1031 1032 1029 1038 1028 1037 1027 1033 1026 1034 1035 1025 1036 1024 1023 1022 1043 1039 1041 1044 1040 1042 2004 2005
4271 1032 1034 1031 1037 1035 1036 1027 1033 1039 1026 1043 1040 1025 1038 1041 1024 1029 1042 1030 2005 2007 2006 3730 2306 1028
4393 1808 988 1811 1805 4241 4242 1810 985 1807 981 982 983 4336 4238 990 4324 1815 4334 4237 1816 4266 4337 4338 4323 1817
4394 1168 1809 1808 1805 4247 1169 1167 987 986 1807 4248 990 1813 989 1171 4249 4238 991 981 1814 988 983 1810 979 1812
4395 1805 1808 1815 1810 981 1809 1807 1806 989 4242 980 4241 1817 4249 1813 1167 990 988 4248 4239 4247 987 976 975 1171
4396 1798 1799 1797 1796 1795 1812 1811 1805 1810 1794 1815 1814 1809 1801 1806 1808 1820 1804 1816 1813 1817 4246 1723 1800 1818
4397 1799 1798 1797 1794 1795 1796 1792 1803 1801 1807 1800 1806 1812 1811 1805 1815 1808 1810 1814 1791 1809 1804 1813 1819 1802
4398 1798 1797 1800 1799 1803 1801 1802 1795 1794 1806 1804 1796 1810 1809 1805 1811 1812 1808 1813 1814 1815 1793 1816 1817 1807
4399 1800 1803 1801 1802 1805 1799 1804 1796 1806 1807 1798 1808 1810 1811 1809 1812 1795 1813 1815 1814 1816 1794 1797 1793 759
4400 1804 1803 1805 1802 1806 1807 1799 1801 1810 1811 1808 1813 1812 1809 1814 1798 1815 1817 1818 1797 1800 1820 1816 1819 1821
4401 1804 1806 1807 1805 1808 1803 1809 1810 1802 1813 1812 1815 1814 1816 1811 1801 1817 1818 1819 1800 1820 1821 1822 1823 1824
4402 1807 1806 1808 1809 1810 1811 1805 1812 1815 1804 1813 1814 1818 1816 1817 1803 1819 1820 1821 1822 1823 1802 1824 1825 1843
4403 1810 1808 1809 1811 1807 1812 1806 1813 1814 1815 1816 1805 1804 1817 1818 1820 1819 1822 1821 1823 1824 1803 1825 1826 1844
4404 1811 1810 1809 1813 1812 1808 1814 1815 1807 1816 1818 1806 1817 1819 1820 1822 1821 1823 1805 1824 1825 1826 1827 1847 1829
4405 1812 1814 1813 1811 1810 1816 1815 1808 1809 1819 1817 1818 1820 1821 1822 1807 1823 1825 1824 1826 1806 1848 1849 1847 1833
4406 1814 1813 1816 1815 1812 1817 1811 1818 1810 1819 1820 1823 1822 1821 1825 1809 1826 1824 1808 1833 1848 1831 1832 1850 1807
4407 1815 1816 1817 1814 1818 1813 1812 1819 1822 1820 1811 1821 1810 1825 1826 1823 1809 1824 1830 1848 1827 1850 1833 1835 1829
4408 1817 1816 1818 1815 1819 1814 1820 1821 1813 1812 1822 1824 1825 1823 1811 1826 1810 1827 1828 1829 1830 1848 1831 1834 1833
4409 1818 1819 1820 1817 1821 1816 1815 1823 1814 1822 1824 1826 1825 1813 1812 1830 1827 1833 1832 1810 1834 1831 1828 1836 1835
4410 1819 1820 1818 1821 1817 1824 1816 1822 1825 1823 1826 1815 1827 1830 1831 1812 1813 1833 1834 1828 1845 1832 1814 1836 1857
4411 1822 1821 1823 1820 1824 1819 1818 1825 1817 1830 1831 1832 1834 1816 1826 1815 1835 1827 1836 1845 1829 1833 1828 1847 1844
4412 1822 1823 1824 1821 1825 1820 1826 1819 1818 1831 1832 1830 1817 1827 1829 1828 1845 1834 1816 1847 1833 1814 1841 1844 1815
4413 1824 1823 1825 1826 1822 1827 1821 1828 1820 1829 1830 1831 1832 1819 1834 1849 1833 1848 1845 1847 1858 1840 1856 1818 1817
4414 1826 1825 1824 1823 1822 1830 1827 1821 1828 1833 1834 1831 1832 1829 1820 1849 1847 1848 1846 1836 1845 1818 1855 1835 1817
4415 1826 1827 1825 1828 1829 1824 1823 1822 1848 1856 1849 1857 1858 1847 1830 1860 1833 1821 1846 1831 1862 1859 1872 1832 1851
4416 1828 1827 1829 1826 1831 1830 1825 1832 1833 1835 1834 1836 1857 1858 1846 1859 1847 1860 1848 1862 1864 1824 1868 1823 1850
4417 1829 1828 1827 1831 1832 1826 1830 1834 1835 1833 1825 1836 1840 1846 1847 1860 1857 1858 1859 1850 1848 1837 1862 1844 1864
4418 1830 1831 1829 1832 1833 1828 1834 1827 1826 1825 1848 1857 1847 1858 1860 1859 1844 1850 1835 1836 1841 1864 1851 1865 1861
4419 1832 1831 1833 1830 1829 1828 1834 1827 1860 1862 1857 1847 1858 1861 1859 1848 1826 1836 1864 1863 1865 1835 1876 1837 1845
4420 1833 1832 1834 1831 1830 1835 1839 1841 1840 1837 1849 1836 1848 1847 1846 1845 1862 1857 1858 1864 1860 1850 1856 1859 1865
4421 1834 1833 1832 1835 1836 1837 1831 1830 1849 1848 1858 1846 1845 1847 1860 1859 1864 1862 1857 1850 1866 1852 1840 1863 1856
4422 1834 1835 1836 1837 1833 1839 1832 1838 1831 1849 1845 1848 1830 1847 1829 1858 1850 1846 1860 1855 1856 1866 1862 1859 1864
4423 1836 1837 1838 1835 1839 1834 1840 1833 1832 1867 1864 1865 1848 1862 1866 1846 1831 1847 1869 1868 1870 1856 1830 1871 1858
4424 1838 1837 1839 1836 1840 1835 1846 1841 1863 1845 1864 1842 1832 1833 1860 1861 1834 1862 1867 1847 1857 1859 1843 1844 1866
4425 1839 1838 1840 1841 1837 1836 1842 1847 1848 1846 1843 1835 1867 1865 1861 1863 1864 1849 1833 1857 1862 1858 1851 1832 1834
4426 1840 1839 1841 1837 1847 1846 1838 1842 1845 1844 1848 1858 1843 1860 1849 1863 1836 1855 1856 1864 1859 1857 1852 1850 1833
4427 1841 1840 1842 1839 1848 1845 1843 1838 1844 1846 1847 1835 1857 1837 1858 1865 1852 1833 1855 1867 1862 1836 1863 1861 1864
4428 1843 1842 1840 1845 1841 1846 1847 1849 1848 1839 1860 1838 1857 1861 1863 1851 1858 1862 1852 1835 1850 1853 1836 1855 1834
4429 1843 1842 1848 1841 1846 1847 1845 1840 1839 1850 1849 1838 1857 1836 1834 1858 1855 1862 1863 1861 1865 1859 1837 1835 1852
4430 1846 1844 1845 1848 1843 1847 1842 1849 1841 1839 1840 1850 1855 1863 1838 1859 1857 1861 1864 1858 1851 1865 1862 1852 1860
4431 1845 1846 1848 1847 1842 1844 1839 1849 1841 1860 1840 1852 1864 1843 1858 1850 1857 1838 1856 1859 1855 1863 1865 1862 1861
4432 1847 1846 1848 1845 1844 1842 1849 1864 1857 1839 1843 1851 1865 1860 1852 1862 1861 1863 1841 1855 1840 1858 1866 1838 1859
4433 1847 1848 1846 1849 1845 1851 1844 1842 1841 1855 1858 1850 1865 1860 1843 1864 1862 1856 1840 1857 1839 1867 1859 1863 1861
4434 1849 1848 1847 1846 1850 1845 1844 1841 1843 1855 1842 1840 1851 1865 1852 1858 1857 1859 1853 1867 1860 1839 1862 1856 1863
4435 1849 1850 1848 1846 1847 1857 1858 1842 1852 1855 1845 1860 1865 1853 1861 1859 1844 1851 1856 1863 1864 1862 1854 1867 1843
4436 1849 1850 1851 1848 1852 1847 1856 1855 1845 1857 1854 1846 1860 1861 1864 1863 1858 1853 1862 1866 1867 1859 1843 1865 1840
4437 1851 1850 1849 1848 1852 1846 1853 1847 1857 1858 1865 1860 1859 1864 1855 1863 1856 1839 1854 1867 1845 1866 1861 1862 1868
4438 1853 1849 1850 1851 1852 1848 1856 1860 1854 1858 1855 1859 1857 1865 1863 1867 1866 1864 1840 1868 1841 1869 1835 1847 1838
4439 1851 1853 1849 1854 1852 1850 1857 1848 1865 1855 1867 1858 1856 1866 1864 1859 1860 1862 1863 1846 1869 1839 1868 1841 1861
4440 1855 1853 1849 1852 1854 1850 1851 1846 1861 1848 1860 1839 1840 1842 1858 1867 1857 1866 1863 1856 1845 1859 1871 1838 1837
4441 1851 1857 1858 1852 1855 1854 1856 1853 1859 1865 1860 1867 1862 1864 1850 1866 1863 1861 1868 1849 1869 1848 1870 1871 1872
4442 1857 1858 1850 1849 1859 1860 1856 1853 1865 1862 1855 1851 1866 1846 1863 1867 1861 1864 1852 1854 1868 1847 1848 1869 1840
4443 1858 1859 1857 1863 1861 1856 1849 1860 1848 1864 1866 1865 1867 1846 1847 1868 1854 1862 1869 1839 1870 1871 1845 1850 1872
4444 1859 1863 1858 1861 1856 1866 1862 1857 1867 1860 1865 1849 1868 1850 1846 1864 1847 1848 1870 1871 1869 1872 1874 1855 1875
4445 1859 1863 1861 1862 1866 1865 1858 1860 1857 1864 1867 1856 1855 1868 1846 1870 1869 1847 1848 1851 1853 1850 1849 1844 1852
4446 1861 1860 1863 1862 1865 1864 1866 1869 1857 1859 1867 1858 1870 1868 1846 1855 1847 1851 1871 1856 1848 1875 1854 1845 1873
4447 1862 1861 1863 1865 1860 1864 1866 1867 1868 1869 1855 1870 1859 1858 1857 1846 1847 1839 1856 1851 1848 1853 1844 1850 1845
4448 1863 1862 1861 1864 1866 1865 1867 1860 1868 1870 1869 1858 1859 1856 1857 1855 1848 1854 1851 1849 1850 1847 1846 1852 1881
4449 1864 1863 1861 1865 1866 1862 1868 1867 1860 1869 1859 1855 1857 1870 1858 1839 1846 1848 1856 1847 1845 1844 1849 1850 1838
4450 1865 1866 1864 1867 1869 1868 1863 1862 1872 1871 1870 1861 1858 1859 1857 1856 1873 1855 1876 1875 1848 1849 1847 1877 1852
4451 1866 1865 1867 1868 1864 1863 1869 1861 1862 1871 1872 1870 1859 1858 1873 1875 1877 1860 1855 1846 1876 1850 1857 1849 1847
4452 1866 1867 1868 1869 1865 1863 1870 1864 1871 1862 1857 1872 1861 1856 1877 1873 1859 1849 1858 1876 1875 1860 1848 1845 1850
4453 1868 1867 1866 1869 1865 1870 1863 1871 1872 1864 1874 1857 1873 1858 1861 1860 1875 1859 1877 1849 1862 1876 1850 1855 1880
4454 1869 1868 1871 1866 1867 1865 1870 1874 1864 1875 1863 1872 1873 1862 1861 1876 1877 1860 1858 1880 1857 1859 1879 1878 1850
4455 1870 1869 1874 1868 1871 1873 1867 1866 1875 1864 1872 1865 1863 1876 1862 1861 1859 1884 1858 1860 1880 1878 1883 1881 1857
4456 1874 1871 1870 1869 1865 1875 1866 1867 1873 1868 1872 1863 1876 1864 1884 1886 1880 1885 1881 1878 1882 1860 1883 1889 1861
4457 1874 1872 1870 1871 1869 1873 1865 1868 1867 1875 1866 1876 1863 1864 1879 1882 1857 1858 1881 1878 1859 1884 1885 1861 1880
4458 1873 1874 1875 1870 1872 1871 1869 1876 1867 1865 1866 1877 1878 1879 1868 1861 1863 1884 1880 1864 1883 1885 1882 1881 1886
4459 1876 1875 1873 1874 1870 1872 1877 1871 1878 1879 1865 1880 1869 1867 1881 1885 1868 1882 1866 1886 1887 1884 1883 1864 1862
4460 1875 1874 1876 1878 1877 1873 1881 1871 1879 1880 1872 1869 1870 1863 1882 1883 1884 1861 1885 1886 1867 1866 1865 1868 1862
4461 1876 1877 1873 1875 1878 1874 1880 1872 1879 1871 1882 1883 1866 1867 1885 1869 1868 1865 1863 1870 1881 1861 1884 1864 1858
4462 1879 1877 1878 1880 1876 1883 1875 1866 1874 1873 1872 1868 1867 1864 1861 1871 1869 1865 1863 1870 1888 1860 1890 1858 1891
4463 1878 1880 1877 1881 1879 1883 1882 1876 1875 1866 1874 1873 1890 1891 1849 1887 1867 1884 1892 1893 1885 1871 1886 1865 1868
4464 1879 1880 1881 1882 1878 1883 1877 1874 1866 1865 1876 1875 1861 1892 1890 1864 1891 1873 1860 1893 1850 1887 1894 1884 1886
4465 1880 1881 1882 1879 1883 1878 1877 1876 1886 1858 1860 1891 1890 1875 1887 1861 1859 1885 1892 1888 1884 1889 1893 1849 1868
4466 1881 1882 1880 1883 1879 1878 1877 1886 1884 1885 1887 1888 1875 1889 1860 1859 1890 1891 1868 1867 1874 1869 1865 1866 1871
4467 1882 1883 1881 1879 1887 1886 1885 1884 1877 1888 1889 1890 1878 1866 1865 1868 1860 1863 1870 1869 1867 1871 1875 1892 1849
4468 1883 1882 1881 1884 1887 1886 1885 1879 1880 1878 1889 1888 1877 1866 1865 1859 1890 1869 1872 1867 1891 1868 1871 1860 1870
4469 1886 1882 1885 1883 1887 1884 1881 1889 1888 1891 1865 1871 1864 1877 1876 1878 1866 1867 1868 1869 1892 1890 1894 1863 1860
4470 1886 1887 1883 1884 1882 1885 1881 1888 1889 1880 1879 1891 1890 1878 1865 1866 1864 1872 1894 1867 1861 1869 1863 1896 1871
4471 1887 1886 1888 1883 1884 1889 1885 1890 1882 1891 1880 1881 1878 1892 1893 1879 1877 1866 1865 1894 1867 1863 1869 1876 1864
4472 1888 1887 1889 1891 1890 1886 1884 1883 1885 1882 1892 1880 1893 1879 1881 1878 1894 1865 1867 1876 1877 1863 1866 1869 1895
4473 1889 1888 1890 1887 1891 1886 1884 1892 1885 1893 1883 1894 1880 1895 1881 1879 1878 1896 1877 1875 1897 1860 1898 1882 1849
4474 1890 1889 1891 1888 1892 1893 1894 1886 1887 1884 1883 1885 1895 1882 1881 1896 1875 1897 1860 1858 1898 1859 1865 1879 1851
4475 1890 1891 1889 1892 1893 1894 1887 1886 1888 1895 1883 1884 1885 1882 1881 1896 1897 1860 1898 1875 1858 1859 1880 1899 1856
4476 1892 1891 1893 1890 1889 1894 1895 1896 1886 1887 1888 1883 1897 1885 1884 1882 1860 1858 1898 1899 1859 1856 1875 1900 1865
4477 1892 1893 1894 1890 1891 1895 1889 1896 1897 1887 1888 1883 1886 1898 1899 1900 1858 1859 1860 1884 1867 1865 1869 1885 1882
4478 1894 1893 1892 1895 1891 1896 1897 1888 1898 1890 1889 1899 1887 1885 1883 1900 1886 1884 1901 1865 1866 1902 1869 1868 1858
4479 1895 1894 1896 1893 1892 1897 1898 1899 1891 1890 1888 1889 1900 1887 1901 1902 1885 1884 1903 1869 1866 1868 1865 1867 1883
4480 1896 1895 1897 1894 1893 1898 1892 1899 1900 1891 1890 1889 1886 1901 1888 1902 1887 1885 1884 1903 1904 1866 1865 1883 1869
4481 1896 1897 1899 1898 1895 1894 1900 1893 1901 1902 1892 1891 1890 1904 1903 1889 1905 1888 1884 1907 1885 1906 1908 1882 1883
4482 1898 1897 1899 1896 1895 1900 1894 1893 1901 1902 1892 1903 1904 1891 1905 1890 1907 1906 1888 1889 1908 1887 1886 1884 1909
4483 1899 1898 1900 1897 1896 1901 1895 1894 1902 1893 1903 1904 1905 1890 1892 1891 1907 1908 1906 1889 1886 1884 1909 1888 1875
4484 1900 1899 1901 1898 1896 1897 1902 1903 1895 1894 1904 1905 1893 1906 1892 1907 1891 1908 1890 1909 1884 1889 1888 1879 1910
4485 1901 1900 1902 1899 1903 1898 1897 1905 1896 1906 1904 1907 1908 1895 1894 1893 1892 1909 1891 1890 1913 1889 1934 1914 1936
4486 1902 1901 1903 1900 1899 1904 1898 1905 1907 1897 1908 1906 1896 1895 1909 1894 1893 1914 1913 1910 1935 1936 1892 1933 1891
4487 1903 1902 1904 1901 1900 1899 1907 1906 1905 1908 1898 1897 1896 1909 1895 1894 1913 1893 1929 1930 1934 1914 1910 1935 1933
4488 1904 1902 1903 1906 1907 1905 1908 1901 1900 1899 1909 1898 1897 1896 1914 1895 1913 1934 1910 1933 1931 1894 1935 1936 1893
4489 1904 1906 1905 1903 1902 1908 1907 1901 1900 1909 1899 1898 1897 1910 1896 1895 1913 1914 1894 1893 1936 1935 1922 1928 1892
4490 1906 1907 1908 1905 1903 1909 1904 1902 1901 1900 1910 1898 1899 1911 1914 1913 1897 1896 1932 1895 1934 1894 1936 1927 1912
4491 1907 1908 1906 1909 1905 1904 1903 1902 1910 1901 1900 1911 1914 1898 1899 1913 1912 1930 1917 1897 1932 1923 1922 1896 1934
4492 1908 1907 1909 1906 1910 1913 1914 1905 1904 1912 1911 1930 1903 1927 1902 1916 1932 1898 1928 1917 1901 1900 1897 1899 1936
4493 1908 1907 1910 1909 1913 1906 1914 1904 1905 1912 1911 1930 1929 1916 1917 1903 1928 1902 1927 1932 1935 1925 1898 1936 1901
4494 1910 1911 1908 1907 1913 1909 1914 1906 1915 1912 1916 1904 1905 1917 1928 1930 1903 1932 1922 1918 1935 1934 1936 1929 1923
4495 1911 1910 1912 1908 1909 1907 1906 1915 1913 1916 1914 1917 1921 1926 1929 1903 1930 1927 1920 1928 1932 1922 1925 1935 1904
4496 1912 1911 1910 1913 1908 1914 1916 1907 1918 1915 1906 1909 1926 1917 1927 1930 1929 1928 1920 1921 1922 1932 1934 1935 1903
4497 1913 1911 1915 1912 1914 1910 1916 1918 1908 1907 1919 1920 1906 1909 1927 1928 1930 1921 1917 1934 1932 1922 1905 1924 1935
4498 1914 1912 1918 1913 1911 1915 1916 1919 1909 1917 1927 1920 1928 1921 1908 1910 1929 1930 1906 1922 1935 1923 1934 1907 1924
4499 1915 1912 1916 1913 1911 1917 1914 1919 1920 1928 1927 1930 1910 1909 1921 1908 1922 1918 1923 1934 1935 1925 1907 1924 1929
4500 1918 1917 1915 1916 1914 1919 1912 1913 1910 1928 1927 1920 1929 1930 1921 1909 1922 1911 1932 1908 1923 1935 1934 1926 1907
4501 1918 1917 1916 1915 1914 1923 1921 1920 1922 1919 1928 1930 1927 1910 1932 1911 1912 1935 1936 1926 1924 1934 1937 1929 1925
4502 1918 1917 1916 1913 1919 1912 1926 1915 1914 1930 1928 1927 1929 1920 1932 1911 1910 1908 1921 1925 1936 1935 1924 1923 1934
4503 1918 1921 1919 1923 1917 1920 1915 1916 1922 1914 1926 1929 1930 1927 1928 1925 1924 1932 1933 1912 1911 1910 1935 1937 1936
4504 1920 1921 1922 1919 1917 1918 1923 1926 1925 1916 1914 1924 1930 1915 1929 1928 1932 1933 1927 1910 1912 1935 1911 1934 1913
4505 1922 1921 1920 1923 1919 1917 1926 1918 1925 1924 1930 1916 1929 1914 1915 1928 1927 1932 1933 1934 1910 1935 1911 1936 1912
4506 1922 1920 1926 1924 1921 1928 1919 1929 1931 1925 1934 1930 1927 1918 1933 1932 1923 1935 1917 1936 1915 1937 1938 1914 1941
4507 1923 1921 1924 1928 1927 1922 1920 1926 1925 1917 1918 1930 1919 1929 1916 1932 1934 1933 1915 1914 1935 1937 1936 1913 1939
4508 1924 1926 1920 1925 1927 1929 1930 1928 1933 1932 1919 1931 1934 1923 1935 1918 1922 1936 1917 1937 1921 1916 1914 1938 1941
4509 1925 1926 1930 1929 1931 1932 1934 1927 1928 1923 1924 1918 1936 1921 1917 1937 1922 1920 1938 1933 1939 1916 1935 1943 1914
4510 1929 1923 1927 1931 1928 1930 1933 1932 1934 1925 1926 1924 1935 1936 1918 1922 1937 1920 1917 1938 1916 1919 1921 1939 1941
4511 1931 1927 1930 1928 1926 1923 1918 1924 1936 1929 1925 1922 1937 1917 1933 1932 1934 1916 1921 1938 1935 1939 1920 1915 1914
4512 1925 1926 1930 1931 1927 1928 1923 1929 1924 1918 1922 1917 1932 1933 1936 1934 1921 1916 1937 1915 1935 1920 1938 1914 1919
4513 1929 1924 1925 1928 1931 1930 1926 1923 1927 1922 1933 1919 1934 1932 1935 1918 1917 1936 1921 1937 1915 1920 1916 1938 1914
4514 1929 1930 1928 1932 1926 1925 1931 1927 1924 1923 1933 1922 1921 1920 1934 1936 1935 1918 1919 1937 1938 1917 1916 1915 1914
4515 1929 1928 1931 1926 1925 1923 1930 1927 1933 1924 1932 1922 1918 1934 1921 1917 1916 1937 1935 1914 1920 1936 1915 1919 1938
4516 1933 1924 1927 1932 1931 1926 1929 1925 1930 1928 1923 1920 1934 1919 1936 1922 1921 1918 1935 1917 1937 1915 1916 1914 1938
4517 1933 1931 1926 1928 1934 1925 1930 1929 1932 1927 1935 1923 1924 1936 1918 1937 1922 1916 1921 1938 1915 1917 1920 1914 1939
4518 1934 1931 1935 1928 1930 1925 1929 1926 1923 1932 1933 1936 1927 1937 1924 1918 1914 1922 1938 1917 1939 1921 1916 1915 1906
4519 1935 1931 1928 1934 1936 1929 1933 1926 1925 1927 1932 1923 1937 1924 1930 1938 1918 1917 1922 1916 1921 1939 1915 1920 1914
4520 1936 1935 1934 1932 1937 1929 1933 1928 1923 1926 1930 1931 1927 1924 1925 1938 1918 1939 1922 1917 1921 1912 1916 1914 1913
4521 1938 1936 1937 1929 1930 1927 1931 1932 1933 1939 1934 1926 1935 1925 1928 1924 1923 1922 1941 1943 1940 1921 1942 1913 1911
4522 1938 1937 1936 1932 1929 1934 1935 1939 1928 1933 1926 1923 1927 1930 1922 1925 1924 1918 1931 1921 1940 1941 1942 1916 1920
4523 1939 1938 1937 1934 1936 1940 1933 1935 1932 1941 1931 1928 1926 1930 1929 1942 1943 1922 1923 1927 1925 1924 1919 1921 1918
4524 1939 1940 1941 1938 1937 1943 1942 1936 1932 1929 1928 1944 1930 1935 1933 1927 1923 1926 1934 1946 1925 1924 1945 1947 1948
4525 1941 1939 1937 1942 1940 1935 1943 1936 1934 1938 1944 1928 1933 1929 1931 1932 1930 1923 1926 1945 1925 1924 1919 1921 1920
4526 1941 1938 1936 1934 1937 1942 1943 1935 1933 1940 1939 1944 1931 1930 1926 1928 1932 1925 1929 1945 1922 1923 1924 1921 1920
4527 1936 1943 1937 1942 1938 1934 1940 1935 1939 1941 1933 1945 1932 1930 1944 1926 1925 1929 1928 1923 1931 1924 1922 1927 1921
4528 1944 1943 1940 1945 1936 1942 1934 1938 1941 1939 1946 1935 1933 1937 1931 1930 1926 1929 1928 1925 1932 1923 1927 1924 1922
4529 1945 1944 1946 1943 1937 1936 1942 1935 1941 1938 1934 1940 1933 1939 1932 1947 1924 1931 1951 1928 1930 1925 1949 1948 1926
4530 1947 1946 1944 1943 1942 1945 1941 1948 1949 1940 1939 1938 1937 1951 1950 1935 1952 1936 1934 1953 1933 1928 1954 1926 1929
4531 1946 1947 1945 1944 1948 1943 1951 1949 1942 1952 1950 1941 1938 1937 1956 1934 1939 1958 1940 1954 1955 1957 1936 1935 1953
4532 1946 1948 1947 1951 1950 1949 1945 1952 1953 1944 1942 1943 1941 1940 1939 1938 1954 1956 1955 1937 1957 1958 1959 1936 1934
4533 1950 1951 1949 1952 1953 1946 1948 1947 1954 1945 1944 1955 1956 1941 1942 1940 1957 1958 1939 1959 1938 1960 1937 1943 1936
4534 1951 1950 1952 1953 1949 1948 1954 1946 1947 1945 1956 1944 1942 1955 1941 1940 1943 1958 1957 1939 1959 1960 1938 1961 1937
4535 1952 1951 1953 1950 1954 1949 1955 1948 1947 1946 1945 1956 1944 1958 1940 1957 1942 1959 1943 1939 1960 1938 1961 1937 1962
4536 1953 1952 1955 1954 1951 1956 1950 1949 1957 1948 1946 1947 1958 1945 1944 1959 1940 1939 1960 1942 1938 1941 1961 1943 1937
4537 1954 1953 1955 1952 1956 1951 1957 1949 1950 1948 1958 1947 1946 1959 1960 1944 1945 1940 1943 1939 1941 1942 1961 1962 1938
4538 1955 1954 1956 1957 1952 1953 1958 1951 1949 1948 1950 1959 1960 1944 1946 1947 1945 1943 1942 1941 1961 1962 1940 1963 1939
4539 1956 1955 1957 1958 1953 1959 1951 1954 1950 1949 1960 1952 1948 1947 1946 1944 1942 1943 1941 1945 1961 1940 1962 1963 1938
4540 1956 1955 1957 1958 1959 1960 1953 1954 1952 1951 1949 1950 1961 1948 1947 1946 1942 1943 1944 1962 1945 1941 1940 1963 1964
4541 1959 1960 1958 1957 1956 1955 1954 1961 1953 1951 1952 1962 1949 1948 1950 1947 1946 1963 1964 1942 1944 1943 1940 1945 1939
4542 1960 1959 1958 1957 1956 1955 1954 1962 1961 1951 1953 1952 1949 1963 1950 1948 1964 1946 1965 1947 1966 1945 1944 1943 1967
4543 1961 1960 1959 1962 1958 1957 1955 1956 1953 1963 1950 1951 1949 1964 1952 1965 1954 1948 1966 1946 1947 1945 1967 1944 1942
4544 1963 1961 1962 1964 1960 1959 1958 1957 1965 1966 1967 1951 1946 1950 1945 1956 1952 1948 1953 1954 1944 1955 1968 1947 1949
4545 1962 1964 1963 1961 1960 1959 1958 1965 1966 1957 1955 1956 1967 1954 1951 1968 1952 1946 1953 1950 1948 1947 1949 1945 1969
4546 1964 1963 1962 1965 1961 1966 1960 1959 1967 1955 1958 1968 1957 1956 1954 1969 1952 1953 1946 1950 1951 1949 1947 1945 1948
4547 1964 1965 1966 1963 1962 1967 1961 1960 1968 1959 1955 1958 1957 1956 1951 1953 1949 1970 1950 1948 1952 1944 1947 1946 1954
4548 1966 1965 1967 1964 1968 1963 1962 1961 1969 1970 1960 1959 1958 1955 1957 1956 1971 1946 1972 1951 1950 1943 1944 1952 1945
4549 1966 1967 1968 1965 1969 1964 1963 1971 1970 1962 1961 1960 1958 1959 1957 1973 1956 1972 1946 1951 1952 1975 1955 1949 1948
4550 1967 1968 1970 1969 1966 1965 1972 1971 1963 1973 1964 1962 1961 1958 1960 1957 1956 1959 1974 1955 1946 1952 1951 1948 1953
4551 1969 1968 1970 1971 1967 1972 1966 1973 1965 1974 1964 1963 1975 1961 1976 1962 1959 1958 1960 1956 1946 1977 1845 1844 1955
4552 1970 1969 1972 1971 1968 1973 1974 1967 1966 1975 1965 1963 1964 1976 1961 1962 1960 1959 1977 1845 1955 1846 1946 1863 1847
4553 1972 1973 1974 1971 1970 1975 1976 1969 1968 1967 1966 1977 1965 1978 1964 1962 1963 1961 1958 1845 1840 1956 1839 1842 1841
4554 1974 1972 1973 1971 1975 1976 1970 1977 1969 1968 1967 1966 1965 1978 1964 1963 1961 1960 1962 1949 1950 1956 1959 1955 1845
4555 1974 1976 1975 1973 1977 1972 1978 1971 1970 1979 1969 1968 1967 1966 1964 1846 1841 1848 1840 1842 1965 1949 1959 1962 1847
4556 1976 1977 1975 1978 1974 1973 1979 1980 1972 1970 1971 1981 1969 1967 1968 1966 1964 1965 1982 1841 1842 1857 1952 1861 1836
4557 1976 1978 1977 1979 1980 1975 1981 1974 1973 1982 1972 1971 1969 1983 1984 1970 1965 1964 1968 1963 1840 1863 1967 1846 1866
4558 1979 1978 1981 1980 1977 1976 1982 1975 1983 1984 1973 1974 1972 1970 1971 1967 1963 1968 1966 1964 1969 1955 1962 1846 1961
4559 1980 1981 1979 1982 1978 1983 1984 1977 1976 1975 1974 1985 1973 1986 1972 1987 1971 1970 1968 1967 1964 1969 1962 1963 1841
4560 1983 1984 1981 1982 1980 1979 1985 1986 1978 1977 1987 1976 1975 1988 1974 1973 1989 1971 1972 1968 1970 1860 1967 1867 1864
4561 1985 1984 1983 1986 1982 1981 1987 1980 1979 1988 1978 1989 1990 1977 1991 1976 1975 1974 1973 1972 1856 1867 1971 1968 1967
4562 1986 1985 1984 1987 1988 1983 1982 1989 1981 1990 1980 1991 1979 1992 1993 1978 1977 1976 1975 1973 1974 1857 1972 1848 1858
4563 1987 1988 1986 1989 1990 1985 1984 1991 1983 1992 1982 1981 1993 1994 1995 1980 1996 1979 1978 1977 3398 3396 3397 1976 3395
4564 1989 1990 1988 1991 1992 1987 1986 1993 1985 1994 1984 1995 1983 1996 1997 1982 1981 1980 3400 1979 3399 3398 3397 3396 3401
4565 1992 1990 1993 1991 1989 1994 1988 1987 1995 1986 1996 1985 1984 1997 1998 1983 3400 3401 3398 3399 3402 1982 1999 3397 1981
4566 1993 1994 1992 1991 1996 1995 1990 1997 1989 1988 1998 1987 1985 1986 1999 1984 3402 2000 3401 3400 3399 1983 3405 3403 1982
4567 1995 1997 1996 1994 1993 1992 1998 1999 1991 1990 2000 1989 1988 1987 2001 1986 3404 1985 2003 3403 2002 2004 2006 3405 2005
4568 1997 1999 1998 1995 1996 2002 2000 1993 1992 2001 1994 1988 1991 1987 2004 1990 1989 2003 3406 3404 3405 2006 2005 1986 3407
4569 1999 2001 2000 1998 1997 2002 1996 2003 1995 1994 1993 1992 1990 2006 2004 2005 1991 3408 1989 3407 1988 3405 3406 3404 2007
4570 2003 2004 2005 2001 2000 2002 1999 1998 2006 1997 2007 1996 1993 1995 1992 1994 1991 2008 3404 3406 3405 1989 1025 1028 1026
4571 2005 2006 2008 2007 2009 2004 2010 1999 1998 1997 2002 2000 2003 1996 1995 2001 1994 1993 1992 1030 1029 1028 1025 1026 1041
4572 2007 2009 2008 2006 2010 2000 1999 2003 1998 2005 2011 2004 2001 1997 1995 1996 2002 1993 1994 1028 1040 4270 1039 4271 1031
4574 3410 3418 3414 3415 3413 3411 3412 3417 3419 3416 4268 2011 1037 4269 2008 2012 1038 4270 2010 1035 4267 4271 1034 2014 1026
4575 3409 3408 3411 3416 3415 3407 3413 3417 3410 3412 3414 3406 3418 3405 3419 2004 2005 2006 2007 2008 2011 4267 4269 2010 4268
4576 3408 3414 3415 3407 3413 3410 3411 3416 3406 3412 3417 3409 3405 3418 3404 3419 3403 2001 2000 2002 3402 2004 2003 2005 2006
4577 3412 3408 3407 3409 3411 3413 3414 3410 3406 3415 3405 3416 3404 3417 3403 3402 3418 3419 1999 3401 2001 2002 2004 3400 2003
4578 3407 3406 3409 3408 3410 3411 3405 3404 3412 3403 3413 3402 3414 3415 3401 1998 2001 3400 1999 2004 2002 2003 2005 2000 1997
4579 3407 3406 3408 3404 3409 3403 3405 3410 3402 3411 3401 3412 3400 3413 3399 3414 3398 1999 2001 1997 2002 1998 2000 3415 2004
4580 3407 3406 3405 3408 3404 3409 3403 3410 3401 3411 3402 3399 3400 3412 3413 3398 3397 1997 3396 1999 1998 1996 3414 2001 2000
4581 3405 3403 3401 3406 3404 3400 3407 3402 3408 3399 3409 3398 3410 3411 3397 3412 3396 3414 3413 1995 1994 1997 1998 1996 1993
4582 3403 3398 3405 3404 3399 3402 3401 3406 3400 3397 3407 3408 3409 3410 3396 3395 3411 3394 3412 3393 1995 1993 1054 1992 1998
4583 3401 3404 3398 3403 3395 3399 3397 3402 3400 3396 3405 3406 3407 3393 3408 3394 3392 3410 3409 3391 3420 3419 1991 3421 3418
4584 3399 3397 3398 3395 3396 3403 3400 3394 3401 3393 3402 3392 3405 3404 3391 3407 3406 3390 3408 4280 4281 1988 4278 3389 1990
4585 3392 3395 3398 3396 3397 3394 3393 3399 3400 3401 3391 3403 3389 3402 3390 3404 3388 3386 3387 3385 3405 4281 4280 4279 4278
4586 3391 3392 3390 3395 3389 3393 3394 3396 3388 3397 3398 3399 3387 3386 3400 3425 3385 3401 4281 4282 3427 3384 4280 4279 3402
4587 3391 3390 3392 3388 3389 3387 3393 3386 3394 3395 3385 3384 3396 3397 3383 3398 4280 3382 3425 3427 4279 4282 3429 3381 4283
4588 3389 3390 3391 3387 3386 3388 3385 3392 3384 3393 3383 3394 3395 3382 3381 3431 3396 3429 3430 3427 3397 4284 3433 3398 3432
4589 3388 3387 3385 3389 3390 3384 3391 3383 3392 3382 3386 3381 3393 3380 3394 3395 3432 3430 3379 1562 3431 1561 3429 3433 1563
4590 3385 3386 3384 3387 3388 3383 3382 3389 3390 3381 3391 3380 3392 3379 3432 3378 3431 3430 1563 1562 3436 3433 1564 3434 3435
4591 3384 3382 3385 3383 3381 3386 3380 3387 3388 3379 3389 3390 3378 3434 1562 1563 1564 3432 3435 3377 2208 3433 1565 4289 1514
4592 3382 3381 3383 3380 3384 3385 3386 3379 3387 3378 3388 3377 3389 3390 3376 1565 1525 1564 3372 3838 2282 3371 3437 1517 4290
4593 3380 3381 3382 3379 3384 3378 3383 3377 3385 3386 3376 3388 3375 3387 1565 3389 1564 2282 1516 4290 4291 3836 1517 4288 1563
4594 3379 3380 3378 3377 3381 3382 3376 3383 3384 3385 3375 3386 3374 3369 3388 1524 1516 1517 3373 1518 4290 3835 1565 1515 4292
4595 3378 3377 3379 3380 3375 3381 3382 3374 3383 3384 3385 3376 3373 3386 3372 3835 3388 1524 3834 1525 1521 1518 3387 4290 2994
4596 3376 3377 3374 3375 3378 3379 3380 3372 3373 3381 3382 3371 3384 3383 3385 3370 3369 3387 1525 3368 1518 3835 3388 3830 1523
4597 3375 3374 3373 3376 3372 3377 3378 3371 3379 3380 3370 3381 3382 3384 3369 3368 3383 3831 3367 3833 3832 3366 1582 3830 1518
4598 3374 3373 3372 3375 3371 3377 3376 3378 3379 3369 3370 3380 3381 3368 3382 3367 3832 3384 3383 3385 3366 1520 3830 1521 1525
4599 3373 3372 3371 3374 3370 3375 3376 3369 3377 3367 3368 3378 3380 3379 3382 3381 3366 3365 3384 1521 3383 3832 3364 1522 1520
4600 3371 3369 3370 3372 3374 3368 3373 3367 3375 3376 3377 3366 3378 3379 3365 3380 3381 3382 3364 3384 3363 3360 3383 1522 2999
4601 3370 3369 3367 3371 3368 3372 3374 3373 3366 3375 3377 3365 3376 3378 3364 3363 3379 3381 3362 3380 3361 3382 1522 3360 3383
4602 3367 3366 3368 3369 3365 3370 3371 3372 3373 3374 3375 3363 3364 3376 3362 3377 3378 3379 3380 3381 3361 3360 3359 3382 351
4603 3367 3366 3365 3368 3371 3364 3363 3372 3373 3362 3369 3361 3374 3370 3375 3360 3376 3359 3377 3358 3380 3379 2604 2606 3382
4604 3364 3365 3368 3369 3363 3366 3367 3362 3361 3370 3360 3371 3372 3373 3359 3358 3374 3376 3357 3375 3355 3356 3354 3377 3380
4605 3364 3363 3361 3360 3359 3365 3368 3362 3369 3366 3367 3358 3370 3371 3357 3356 3355 3372 3373 3354 3376 3352 3375 3374 352
4606 3366 3363 3364 3359 3367 3362 3365 3361 3368 3360 3369 3357 3358 3356 3370 3355 3351 3371 3353 3354 3349 3373 3374 3375 3372
4607 3361 3363 3362 3364 3359 3366 3358 3360 3367 3365 3356 3368 3355 3357 3369 3354 3353 3370 3352 3371 3376 3347 3375 3373 3299
4608 3363 3361 3360 3364 3362 3359 3358 3365 3357 3366 3356 3354 3367 3355 3353 3368 3352 3369 3351 3375 3370 3376 353 3374 3373
4609 3361 3359 3360 3357 3363 3358 3356 3362 3364 3354 3365 3355 3353 3366 3352 3367 3351 3368 3350 3369 3349 3346 3348 3370 3302
4610 3358 3360 3359 3361 3357 3353 3355 3356 3362 3354 3363 3364 3352 3351 3349 3350 3366 3367 3348 3345 3365 3368 3369 3347 3300
4611 3358 3359 3357 3360 3352 3356 3355 3351 3353 3354 3361 3362 3349 3363 3348 3350 3345 3364 3347 3367 3346 3366 360 3368 3365
4612 3356 3355 3358 3352 3351 3354 3359 3357 3353 3349 3350 3360 3348 3347 3363 3346 3361 3364 3362 3345 3365 3366 3344 3343 3367
4613 3356 3351 3350 3347 3352 3355 3357 3354 3353 3349 3348 3358 3346 3359 3360 3345 3363 3364 3344 3361 3365 3366 3343 3362 3367
4614 3354 3347 3351 3355 3348 3350 3352 3353 3349 3356 3346 3357 3358 3345 3359 3360 3344 3343 3362 3342 3363 3364 3341 3365 3340
4615 3347 3351 3353 3349 3354 3352 3344 3348 3345 3350 3346 3355 3343 3358 3356 3359 3342 3341 3357 3340 3361 3362 3363 3364 3339
4616 3347 3349 3350 3351 3352 3348 3343 3353 3345 3346 3344 3342 3354 3355 3341 3356 3357 3340 3358 3360 3361 3339 3362 3338 3363
4617 3342 3348 3340 3349 3343 3350 3344 3341 3346 3347 3345 3351 3352 3339 3338 3353 3354 3355 3357 3356 3358 3337 3359 3336 3360
4618 3340 3341 3342 3347 3346 3343 3348 3344 3349 3345 3350 3339 3338 3336 3337 3351 3335 3353 3352 3354 3334 3356 3355 3357 3358
4619 3345 3346 3343 3347 3341 3342 3340 3348 3344 3339 3338 3337 3334 3336 3335 3333 3349 3350 3351 3352 3330 3332 3356 3353 3331
4620 3337 3336 3341 3340 3342 3345 3343 3339 3334 3338 3346 3335 3344 3333 3332 3331 3330 3347 3348 3349 3350 3352 3351 3354 3353
4621 3341 3340 3334 3339 3342 3338 3345 3343 3333 3335 3336 3344 3337 3332 3330 3331 3347 3346 3351 3348 3349 3352 3350 3354 3355
4622 3341 3339 3338 3340 3342 3336 3332 3343 3334 3337 3333 3344 3335 3330 3331 3345 3346 3329 3347 3350 3348 3349 1175 1182 3352
4623 3339 3341 3340 3335 3334 3333 3336 3342 3332 3338 3331 3343 3337 3344 3329 3345 3346 1173 3347 1174 3350 3783 3349 1176 4391
4624 3338 3339 3341 3333 3335 3336 3337 3332 3340 3334 3331 3342 3343 3344 3346 4391 3347 3330 3345 1173 4393 3349 3328 4392 3329
