1292 539 537 535 538 540 534 542 532 536 531 543 544 541 530 529 527 545 533 546 528 435 434 433 432 437
1293 537 540 535 539 542 544 543 534 532 541 531 536 527 545 546 538 530 529 547 528 533 431 433 525 432
1294 537 539 538 540 535 536 542 541 543 544 534 532 531 527 545 530 533 529 528 546 547 433 432 431 549
1295 537 535 542 540 539 534 543 544 531 536 541 538 532 527 545 530 529 546 533 528 547 548 431 550 525
1296 539 537 538 535 540 542 536 543 544 531 534 527 541 532 547 545 546 529 533 530 548 528 550 551 525
1297 537 534 542 535 536 539 540 532 531 543 538 541 530 544 545 533 546 547 529 528 548 527 549 550 526
1298 537 538 540 539 535 542 534 536 543 541 545 531 547 532 546 544 548 530 529 533 528 550 527 549 552
1299 538 539 541 548 547 535 537 540 534 536 546 533 544 542 543 545 532 531 530 550 528 527 529 552 549
1300 537 540 539 535 534 542 543 544 545 547 546 536 548 541 532 531 538 533 530 549 550 529 528 527 552
1301 537 539 538 541 540 543 535 542 536 534 544 547 546 545 548 533 531 532 530 550 529 527 528 552 554
1302 539 540 541 538 537 543 542 536 535 547 546 544 534 545 548 550 533 531 532 530 552 551 549 553 554
1303 542 540 537 539 547 546 548 535 541 543 545 544 534 550 532 536 533 531 551 552 549 553 530 529 554
1304 541 540 542 543 544 538 547 546 539 537 548 545 550 536 552 551 553 533 554 555 549 532 535 534 531
1305 542 543 541 544 540 546 545 547 538 548 537 539 550 536 552 553 551 532 535 533 554 549 555 534 530
1306 542 543 546 547 544 540 545 548 537 550 541 539 535 552 551 553 534 554 532 555 533 536 549 531 538
1307 545 546 547 544 542 543 548 550 549 540 552 551 537 539 553 541 554 535 555 556 534 557 532 538 536
1308 545 547 546 549 548 550 544 551 543 552 554 553 556 542 540 537 555 535 557 558 534 539 541 536 532
1309 547 546 545 548 549 550 544 554 543 552 542 551 553 540 539 541 555 556 537 557 536 558 538 534 535
1310 549 548 550 547 551 554 546 552 553 545 555 556 557 558 559 542 560 543 544 537 535 539 540 561 533
1311 550 549 551 548 547 553 552 554 555 546 556 557 545 558 559 560 544 561 543 542 533 562 537 534 535
1312 551 550 549 554 552 553 548 547 555 556 557 558 546 560 559 545 561 562 544 563 542 543 535 537 533
1313 554 552 551 553 550 549 557 555 556 558 547 559 548 561 560 562 546 563 545 564 533 536 542 534 544
1314 554 553 555 552 556 551 557 558 550 549 559 560 561 547 562 548 563 564 546 545 533 565 536 535 534
1315 554 553 555 557 556 552 560 559 558 551 561 550 562 549 563 547 548 564 565 546 545 536 534 566 535
1316 556 555 558 557 554 560 559 553 561 552 551 562 563 550 549 564 565 548 547 566 546 545 533 536 534
1317 560 559 557 558 556 561 555 562 563 554 553 564 552 565 551 566 549 548 550 547 405 533 408 409 410
1318 560 561 559 563 562 557 564 558 565 556 555 566 554 553 567 552 551 408 411 409 407 410 406 405 414
1319 561 562 560 563 564 559 565 558 566 567 557 556 555 568 554 569 552 553 409 411 408 406 412 407 404
1320 564 562 563 565 567 561 566 560 559 568 558 557 556 569 555 570 404 554 676 675 406 405 403 674 411
1321 564 563 565 566 562 567 561 560 559 568 569 558 557 556 555 570 677 675 554 676 674 404 411 553 409
1322 565 564 566 563 562 567 561 560 568 569 559 570 558 557 556 555 572 677 675 404 403 676 401 674 571
1323 565 564 566 563 567 562 568 569 570 561 560 571 572 555 559 558 557 556 554 553 678 573 674 402 675
1324 566 567 564 565 568 569 563 570 562 561 571 560 572 559 555 558 557 556 554 678 679 573 674 677 680
1325 568 566 567 569 564 565 570 563 571 562 561 560 572 557 556 677 679 573 675 400 605 606 401 399 402
1326 566 567 570 568 569 571 565 564 563 562 572 561 677 676 675 606 402 605 400 401 683 399 604 678 398
1327 569 568 566 571 570 567 572 565 564 573 683 677 684 676 398 675 606 399 605 400 720 401 685 396 397
1328 569 570 568 567 573 566 574 571 572 565 564 677 1124 684 685 400 398 399 606 393 392 394 397 401 396
1329 571 570 572 569 574 573 567 568 566 575 565 576 564 399 396 397 398 686 400 395 394 611 328 613 327
1330 570 573 569 572 571 568 567 575 574 576 566 577 565 564 398 396 395 399 1123 397 394 327 328 686 393
1331 570 572 574 569 573 575 571 568 576 577 567 566 565 578 564 398 396 399 397 395 1122 394 401 400 393
1332 574 573 570 572 571 569 575 568 577 576 578 567 566 396 322 399 395 398 323 324 1122 325 394 397 392
1333 575 572 574 573 571 570 577 569 576 578 568 580 579 1122 395 321 323 394 393 322 325 318 324 581 687
1334 576 575 571 577 578 573 579 574 572 570 569 580 582 568 583 581 567 321 325 324 322 323 318 316 320
1335 577 576 575 578 579 573 580 571 574 572 581 584 570 583 582 569 324 568 321 585 319 318 391 388 316
1336 578 579 577 580 575 576 581 574 573 582 571 583 584 572 570 585 319 569 318 317 320 316 315 321 688
1337 579 578 580 581 577 582 575 574 573 583 584 576 315 318 317 314 316 688 730 386 326 320 385 1120 572
1338 580 579 578 581 577 582 575 583 574 576 584 585 586 587 315 316 314 689 650 754 761 326 1151 620 325
1339 580 581 579 578 582 577 583 575 584 585 576 586 587 588 589 1150 1147 689 1149 620 320 1151 1121 690 754
1340 582 581 583 584 580 585 578 586 579 587 577 588 576 589 575 590 689 314 620 1020 1071 1121 591 318 761
1341 583 582 584 585 586 587 588 578 580 589 577 581 579 576 590 689 591 575 1020 620 690 314 592 315 1091
1342 584 583 585 586 587 582 588 589 578 590 577 581 591 580 579 592 576 593 761 314 1148 1149 734 315 690
1343 585 586 584 587 588 583 589 582 590 591 592 581 578 579 580 593 690 594 621 1092 1148 1149 577 314 1118
1344 586 587 585 584 588 589 583 590 591 582 592 581 593 594 1148 579 578 580 1149 695 746 621 1150 1101 1122
1345 587 588 586 589 585 590 584 583 591 592 582 593 580 581 594 694 695 1144 696 1145 1146 733 732 697 690
1346 588 589 587 590 591 586 592 585 593 584 583 594 1146 1145 1144 1093 1148 695 1147 643 1112 733 1058 1073 1065
1347 589 588 590 587 591 592 586 585 584 593 583 594 582 1144 581 1146 1145 694 696 732 697 698 695 1142 1143
1348 590 591 589 592 588 593 587 586 585 594 1143 1142 1144 583 584 1148 698 1147 1145 743 1111 1146 697 1112 581
1349 591 592 590 589 593 588 594 587 586 585 583 584 582 1102 1148 1067 1101 1094 695 730 1093 729 1099 1058 1059
1350 592 591 593 590 589 588 594 587 586 585 595 1148 584 1068 734 1102 1101 695 1059 1149 1058 1067 697 698 1094
1351 593 594 592 591 595 590 589 588 597 587 596 1140 734 1069 1070 1102 355 1101 354 1103 353 1147 1104 1105 1144
1352 594 595 593 592 591 590 597 596 598 589 356 1069 355 588 1070 1105 672 357 358 1060 1071 1147 359 1102 1144
1353 595 596 594 597 598 593 592 591 1071 1072 355 356 357 1073 351 664 1074 1070 353 1101 1069 352 1104 701 702
1354 596 597 598 595 594 593 592 1139 1138 1134 1137 1136 1141 702 1073 1074 1072 1071 1133 1075 600 354 352 1132 1135
1355 598 597 596 595 599 600 601 1072 1073 594 1074 1075 1071 1142 1136 1034 737 1138 350 673 732 734 354 733 1036
1356 598 599 597 600 596 601 595 602 705 1107 1108 1034 1074 704 1035 1136 1110 1106 1032 667 1033 1075 1073 732 708
1357 600 599 601 598 602 597 1135 1134 707 668 603 604 706 705 1132 667 1034 708 631 754 632 669 636 633 634
1358 601 600 602 599 603 598 604 597 605 632 707 635 636 708 1134 633 634 706 606 709 711 669 1035 1135 679
1359 602 601 603 604 600 599 605 606 607 708 598 1134 1133 669 633 636 670 634 677 635 251 678 707 705 1135
1360 603 602 604 601 605 600 606 607 708 678 707 677 1134 676 713 679 634 635 717 1133 637 718 675 714 636
1361 604 603 605 602 606 607 601 678 600 679 708 677 676 608 680 675 683 636 707 609 684 254 253 635 637
1362 605 604 603 606 607 602 608 601 676 677 678 609 675 680 708 636 1134 610 716 713 714 683 717 634 1133
1363 606 607 604 605 603 608 678 677 602 601 609 713 715 712 1123 717 722 721 723 684 679 676 718 719 720
1364 607 605 606 604 608 609 603 602 714 678 610 1133 715 683 637 1051 716 1052 1054 1135 1053 257 677 1073 744
1365 608 609 607 606 610 605 611 612 604 680 603 713 714 613 679 1131 602 678 715 716 732 733 684 717 682
1366 609 608 610 611 607 612 613 606 605 681 714 715 730 646 716 732 731 733 682 1132 647 259 683 260 1133
1367 610 611 609 608 612 607 613 606 682 614 716 715 732 684 731 730 646 717 1132 723 1128 714 725 681 718
1368 611 612 610 613 609 608 607 614 717 719 721 647 722 718 724 645 732 730 720 1132 646 723 269 1049 1048
1369 612 613 611 609 610 608 614 684 607 1129 719 722 721 1046 727 647 1128 728 725 685 724 731 717 729 260
1370 613 614 612 611 609 615 608 610 719 717 720 721 722 718 648 724 725 728 688 727 723 729 685 1129 1131
1371 614 615 616 613 617 618 718 684 685 720 719 717 727 683 687 686 725 724 729 723 721 722 608 688 730
1372 616 614 615 617 618 685 719 720 721 1091 722 724 723 692 725 1090 693 1089 1088 684 1087 731 730 733 1117
1373 617 616 615 618 614 619 726 686 725 720 693 1091 1114 685 722 694 730 732 1092 1116 1122 723 724 1117 692
1374 618 617 619 616 615 721 726 1114 722 724 1116 1115 1092 725 723 685 1117 728 727 1118 1121 693 688 720 1113
1375 619 618 620 617 1113 1115 1116 729 728 730 1114 722 688 1121 1117 1119 621 1112 727 724 725 687 723 726 721
1376 620 619 621 618 1113 1111 1112 1114 725 1115 1116 690 624 724 1110 729 1119 1091 1120 698 728 722 973 1122 1117
1377 621 620 619 618 622 731 1111 1112 732 1113 1110 733 724 695 730 1114 1094 1093 725 624 1115 1092 1109 974 690
1378 622 621 620 623 619 624 618 625 1112 695 617 1113 732 733 692 730 724 734 725 697 698 1119 1111 731 694
1379 623 624 625 622 621 619 626 1111 1112 698 1117 1113 699 620 726 1114 1116 1095 730 1115 1110 700 1094 1096 724
1380 624 625 626 623 627 642 1112 1111 729 694 697 641 1113 700 618 1115 1098 1117 1094 592 1097 619 1145 590 589
1381 625 626 624 627 623 729 1111 619 699 728 727 697 700 1112 590 1098 592 1113 1116 1145 701 591 620 1114 1143
1382 626 625 627 628 624 629 630 1111 728 1110 700 1112 619 727 729 701 1113 698 702 699 1143 1101 1057 1145 1144
1383 627 626 628 625 629 630 631 1110 1112 632 1111 698 730 701 1100 699 1113 700 621 1109 702 1101 703 695 729
1384 628 629 627 626 630 631 625 632 699 1112 698 1109 1113 1143 700 702 1111 1110 1101 701 732 1108 696 621 733
1385 629 630 628 627 631 626 632 633 699 700 701 1107 702 1074 625 704 703 734 698 705 1143 594 1040 741 242
1386 631 630 629 633 628 627 632 634 703 704 595 1107 701 702 700 1108 1111 242 699 259 1104 739 1103 741 705
1387 631 630 632 634 633 629 628 704 705 702 1074 707 706 1073 703 701 242 671 1105 245 736 243 597 599 741
1388 632 633 634 631 629 630 706 599 598 635 705 600 703 636 1071 597 1072 601 708 704 702 1035 1105 709 1036
1389 633 634 636 635 601 706 600 704 598 707 705 246 632 676 703 712 244 672 247 1035 671 1111 248 1103 187
1390 634 635 633 636 637 601 708 707 632 706 600 704 245 712 705 246 1036 248 1037 247 249 1141 703 1035 602
1391 635 636 634 633 637 708 705 246 706 707 601 605 704 248 600 712 249 1143 186 632 187 602 263 604 1035
1392 637 636 635 634 638 639 706 600 713 601 705 707 248 640 249 607 671 1143 712 187 1018 708 1105 603 608
1393 637 638 636 640 639 635 641 634 643 642 601 714 706 707 672 708 679 677 678 680 715 604 608 705 713
1394 638 639 637 640 641 642 643 636 644 635 714 707 706 674 601 715 716 604 708 1134 1138 679 1137 1055 1139
1395 640 642 641 639 638 643 644 637 675 676 1097 1043 645 1001 1096 1055 647 646 1003 1000 718 264 604 998 1090
1396 640 642 641 639 643 638 644 645 637 676 675 624 646 1001 1112 1090 1097 1002 677 1054 1096 647 1003 1000 719
1397 642 641 643 644 640 639 645 638 646 1095 647 1090 648 267 719 637 1001 1053 266 623 694 1054 1111 720 718
1398 642 643 644 641 645 646 640 639 647 638 694 649 648 1089 732 1087 1086 733 734 1088 585 1095 1054 587 1137
1399 643 644 641 642 646 645 647 640 639 638 718 732 733 1088 648 1095 719 717 1089 1087 649 720 1086 1112 1073
1400 644 646 645 643 647 642 641 648 649 720 718 732 262 719 717 721 733 261 258 271 716 722 640 270 1112
1401 646 647 645 644 648 643 642 649 721 718 650 717 722 720 719 732 716 723 731 730 641 262 260 263 271
1402 647 648 646 645 649 650 644 719 718 720 717 684 264 643 651 721 271 265 269 270 262 272 726 722 273
1403 648 649 647 650 646 645 651 265 724 266 264 652 722 723 725 728 721 267 260 719 720 261 258 259 268
1404 649 650 648 651 652 655 724 647 653 723 725 267 266 274 722 268 273 269 272 270 271 277 265 721 264
1405 650 651 652 649 725 653 724 723 722 726 721 274 272 269 270 275 273 268 655 277 276 648 278 271 267
1406 652 651 653 654 650 656 655 725 724 723 273 649 275 272 271 277 274 722 270 276 175 278 269 721 720
1407 653 652 654 651 656 655 650 649 725 724 723 277 272 722 273 275 278 269 270 268 271 274 1063 279 1064
1408 654 653 652 656 651 655 650 657 725 279 277 723 278 724 1062 280 1065 1061 1064 175 276 1063 1060 275 273
1409 655 654 656 653 652 727 690 729 657 651 280 728 279 726 723 724 278 725 689 722 277 650 270 1062 1112
1410 656 657 658 659 660 655 661 654 653 652 728 727 280 725 690 279 724 286 723 651 726 722 1113 621 1065
1411 657 658 659 660 656 652 1059 725 1058 1060 1061 653 1064 1065 1066 1063 724 279 1067 172 1113 1062 1068 1057 1112
1412 659 658 657 660 656 665 653 652 1066 1065 666 1059 1063 651 172 1067 661 1064 1058 995 725 173 1057 1069 278
1413 659 660 658 657 666 665 661 656 667 653 1067 726 1065 1066 1064 1068 1063 1060 1058 279 175 1061 1059 1062 1069
1414 660 661 659 658 657 666 665 664 656 668 290 291 653 1061 998 1069 1073 1064 1066 286 1065 1071 287 1072 662
1415 661 660 662 668 667 665 666 664 658 659 657 1069 1067 1074 1056 1029 1071 290 1075 185 729 1139 737 350 353
1416 663 664 665 667 662 666 660 661 668 659 658 669 733 732 352 656 1031 350 1067 1069 1032 1074 349 289 353
1417 664 665 666 663 660 739 356 1034 594 740 357 667 355 358 352 1032 734 699 350 1031 249 593 1033 349 351
1418 665 664 666 1353 1352 595 700 701 596 739 594 667 593 737 1034 1035 699 1033 738 1351 350 702 1032 1100 1070
1419 666 665 667 664 661 668 595 701 596 702 700 1034 1354 597 1033 1032 1353 703 1035 704 706 598 708 699 1355
1420 667 666 668 665 664 662 595 1352 702 703 701 708 594 704 707 669 630 700 631 706 1140 705 597 699 1141
1421 668 667 666 669 665 670 664 671 672 704 598 705 661 709 1141 1354 597 596 631 708 1355 1035 703 706 630
1422 669 668 670 667 666 671 665 672 673 662 598 1355 1356 596 597 1354 1141 704 705 1353 703 663 605 1357 706
1423 671 670 672 669 668 667 666 673 665 663 674 662 705 704 706 599 1139 636 255 710 1356 1358 601 635 1357
1424 672 671 673 674 670 675 669 1136 1138 705 1137 706 1359 256 707 668 601 667 1039 704 1042 1358 258 1041 1105
1425 672 673 674 675 671 676 670 667 707 706 603 605 1354 596 668 1359 1356 598 636 1360 705 597 708 256 602
1426 674 675 676 673 671 672 601 677 603 1359 602 1358 605 707 1362 604 1360 1356 679 1361 713 714 1357 636 606
1427 675 676 674 677 673 672 1362 605 1361 604 603 679 680 602 678 715 601 606 1360 1358 1363 254 714 1359 713
1428 676 675 677 674 678 679 673 605 1362 606 717 681 715 716 680 603 604 714 1360 602 1363 1359 1361 719 672
1429 677 676 675 1362 605 606 678 1363 674 717 604 719 718 673 1361 264 716 603 265 607 263 266 720 1360 715
1430 678 677 676 679 675 680 713 606 1363 605 714 719 1362 682 607 718 266 717 604 716 720 715 265 721 1361
1431 679 678 677 680 681 676 714 608 713 609 1365 715 1366 719 606 720 721 717 722 716 1364 718 267 607 268
1432 680 679 681 678 682 683 714 715 716 721 720 719 684 722 268 718 717 723 267 677 270 685 269 271 1145
1433 681 682 680 679 683 715 678 684 716 717 721 722 719 718 720 723 269 714 268 270 724 267 725 266 265
1434 682 683 684 681 685 717 718 716 719 721 686 723 722 724 720 715 270 680 679 271 269 1124 263 272 725
1435 683 684 685 682 686 681 718 719 717 721 723 720 724 725 722 272 264 271 273 270 269 263 265 716 267
1436 685 684 686 683 687 719 720 725 724 722 723 721 272 718 726 273 265 270 271 717 682 264 269 266 268
1437 686 685 687 684 683 688 724 725 720 723 726 719 721 722 274 718 273 272 275 265 727 270 276 271 266
1438 687 686 688 685 684 725 721 724 722 726 723 720 689 727 272 276 719 729 275 271 273 277 274 270 683
1439 688 687 689 686 690 727 723 722 726 728 729 721 725 724 277 685 720 269 270 278 1339 268 276 271 280
1440 689 688 690 687 728 727 685 723 729 724 725 686 726 278 722 691 280 279 277 270 721 269 271 694 1339
1441 690 691 689 692 688 694 693 728 724 725 729 727 280 723 696 730 279 726 695 722 281 275 278 277 276
1442 691 692 693 694 690 695 689 688 725 730 733 696 731 732 729 646 724 723 279 280 734 698 282 618 647
1443 692 693 694 695 691 697 696 688 698 699 645 584 725 617 726 724 644 723 585 241 1343 1342 734 1086 690
1444 694 693 695 696 692 697 691 690 698 644 689 643 699 645 642 700 727 1344 728 1114 586 724 1003 1005 623
1445 695 696 698 694 699 697 733 700 730 731 1109 1108 1107 281 729 282 584 1377 621 1342 1114 1113 1056 732 690
1446 694 696 697 695 698 699 693 692 700 691 701 733 732 588 703 731 1112 1111 730 622 734 726 690 1113 1378
1447 694 699 693 700 697 698 701 692 703 696 702 1112 1396 1111 695 704 641 1100 723 241 1072 1113 280 726 1099
1448 699 700 698 694 701 697 702 695 703 696 693 729 1112 1100 1113 625 1381 565 692 1111 564 704 1382 241 726
1449 699 700 698 696 701 697 702 703 704 695 729 705 1142 1112 1143 562 726 1113 563 1114 1382 626 564 1111 561
1450 701 700 699 702 703 698 697 704 705 706 695 729 1112 1142 1382 193 626 1113 191 561 1111 563 726 1143 562
1451 701 702 703 700 699 704 698 705 706 697 192 1382 1112 729 193 246 626 1114 194 1113 1142 195 1143 1115 1141
1452 703 702 704 701 705 700 706 699 707 193 698 729 194 708 195 1112 246 1111 1114 192 1113 1116 1115 352 180
1453 704 705 703 706 702 707 701 700 708 699 194 1356 195 1112 729 1111 249 246 1113 250 673 698 598 1064 352
1454 705 706 704 707 703 708 702 701 700 1356 600 599 699 1357 250 195 1358 709 1111 249 729 1112 673 601 183
1455 707 706 708 705 709 704 703 702 672 1388 701 700 250 1355 597 598 676 1360 253 603 252 601 254 251 196
1456 707 708 706 709 705 710 704 703 674 254 255 702 183 673 180 253 604 605 252 603 1361 602 251 1360 677
1457 709 708 707 710 706 705 704 674 703 603 605 602 604 254 1360 1362 255 1361 253 635 606 676 675 677 702
1458 710 709 711 708 712 707 706 713 666 705 704 676 604 1361 636 665 606 601 605 603 1072 288 635 600 1362
1459 711 712 710 713 714 709 708 678 707 606 177 677 706 605 1363 1362 676 604 1358 601 1361 705 1066 607 603
1460 712 713 711 714 715 679 716 606 678 1363 708 605 1362 177 719 660 1066 717 707 1069 607 1065 1361 601 604
1461 713 714 715 712 716 717 680 679 718 719 711 1363 174 175 173 1063 1068 605 1066 606 1065 176 177 172 721
1462 714 715 716 713 717 718 681 719 680 720 679 1066 173 721 1065 1067 174 172 264 1063 682 265 175 1064 712
1463 716 715 717 714 718 719 681 720 682 713 1067 721 1063 1066 265 1064 1065 172 1068 264 722 723 173 1363 266
1464 717 716 718 715 719 720 682 714 721 722 1065 266 267 681 264 683 1063 265 263 723 1124 268 1067 1066 180
1465 718 719 717 720 716 721 722 715 682 683 724 723 268 267 265 1065 264 269 1064 173 266 1067 1063 172 1066
1466 719 720 718 721 717 716 722 723 269 724 715 267 1067 270 683 268 265 266 1065 177 217 725 682 216 1064
1467 720 721 719 722 718 717 723 724 268 267 725 1067 1065 269 271 270 172 716 173 683 726 1066 174 1064 171
1468 722 721 723 720 724 719 725 718 269 270 717 1066 268 271 1064 1065 1063 272 267 174 684 273 274 1062 173
1469 723 722 724 721 720 725 719 1065 1067 272 271 718 270 273 1066 269 274 1068 268 1064 1063 267 275 684 717
1470 724 723 725 722 721 726 720 1064 719 272 1065 271 1066 1063 273 1067 270 275 274 269 1068 684 1062 276 172
1471 725 724 723 722 726 721 720 274 273 275 272 1064 1066 1068 271 1063 719 1067 1065 276 1069 684 269 277 270
1472 726 727 725 728 724 729 723 722 721 1062 1065 1064 1063 273 720 1066 274 1068 276 719 1067 275 688 272 277
1473 728 727 726 729 725 724 723 277 722 1066 1067 721 1065 1068 275 1064 273 274 279 276 688 720 1063 278 1069
1474 728 727 729 726 725 724 723 1408 277 722 278 1112 721 1113 279 1065 1067 1111 654 274 1059 689 179 1060 652
1475 730 729 731 732 733 728 726 734 725 279 723 727 724 1408 1110 280 278 1063 721 1065 1064 1060 1111 281 1109
1476 731 730 732 733 729 734 728 1062 1064 725 279 727 280 724 282 278 735 281 283 692 726 260 1060 1095 1067
1477 732 731 730 733 734 735 729 280 209 281 282 283 279 284 645 736 1065 1136 727 644 1060 1064 285 1095 728
1478 733 734 732 735 730 731 736 729 283 282 284 281 725 258 285 209 1060 280 208 1109 286 1138 257 1110 1095
1479 734 735 736 733 732 737 731 286 738 1072 1071 1060 726 1049 1062 1061 1139 1069 1070 1100 1067 1068 1066 243 280
1480 735 736 734 733 737 732 738 730 731 286 1060 1064 1063 1061 1070 739 243 1071 1062 1067 1069 1065 1058 244 1410
1481 736 735 737 738 734 739 733 740 286 741 354 1072 724 1071 600 1070 725 1113 1069 1066 288 1358 1060 1073 703
1482 738 737 736 739 735 740 741 742 734 1057 743 1073 289 1056 344 200 343 1139 290 703 1072 243 1071 1074 1068
1483 739 738 737 740 736 741 742 735 734 743 744 286 1033 595 293 252 245 1055 244 1032 1050 1075 1052 1051 1035
1484 740 739 738 742 737 741 736 743 735 744 733 1057 1058 734 252 253 732 1074 251 1060 1073 289 1075 1414 1053
1485 741 740 742 739 743 738 737 744 736 745 732 733 1036 1050 1073 1035 1038 1072 731 297 1055 1034 645 1071 1354
1486 742 743 741 744 740 739 745 738 737 746 748 747 749 750 1052 1053 1086 295 298 732 1056 1072 297 299 1073
1487 743 744 742 745 741 740 739 746 738 737 732 1062 1061 731 1063 954 1065 748 1036 955 1064 1051 1066 1040 1085
1488 744 745 743 742 741 746 740 739 747 748 1062 1063 1061 1047 1051 730 955 1065 1064 731 1049 738 1066 1067 299
1489 745 744 743 746 742 747 748 741 1062 1063 1064 1047 1065 1061 1128 1066 718 723 263 724 717 1124 1060 1067 721
1490 746 748 747 745 749 744 743 750 751 1047 1048 1062 752 1063 1064 1341 1124 305 583 742 1067 753 266 757 265
1491 747 748 749 746 750 745 744 751 743 752 753 1067 305 758 267 757 1063 762 315 754 214 1124 304 1123 307
1492 748 747 749 751 750 746 745 752 753 744 1067 1066 1065 1046 754 1068 743 172 757 174 1064 1123 171 305 755
1493 750 749 748 751 747 752 746 753 754 745 755 756 758 762 761 1065 744 720 1063 1066 942 1062 757 1058 177
1494 750 751 748 749 752 753 747 754 755 746 745 756 757 762 1065 760 758 1060 1064 1059 724 306 764 1067 731
1495 752 751 750 753 749 754 748 755 747 756 746 758 763 757 762 745 1067 1066 1059 1060 1065 1064 1058 309 759
1496 753 752 754 755 751 750 756 749 748 747 757 758 1062 762 1059 763 1058 1065 1066 1064 1060 1067 726 1057 746
1497 754 753 755 752 751 756 757 758 750 749 759 762 763 761 1062 1061 764 748 1058 1060 1066 1059 1065 1067 760
1498 753 757 755 758 752 754 756 751 750 759 764 763 939 762 761 765 1061 749 766 936 1062 1059 760 1060 937
1499 756 757 755 754 758 759 753 752 760 761 762 751 763 765 764 766 750 172 175 174 173 171 1062 767 934
1500 757 758 759 755 754 761 753 756 760 762 763 764 765 766 767 752 172 751 768 936 1059 750 1064 313 769
1501 758 757 759 756 755 760 761 762 754 763 753 764 752 765 766 767 751 1059 750 311 1058 1061 1064 749 1017
1502 759 760 758 761 757 762 756 755 763 754 764 765 766 767 753 172 768 171 769 1062 170 940 1063 169 168
1503 759 761 762 760 758 756 763 764 757 765 755 766 767 754 768 769 171 172 170 770 169 173 168 1065 167
1504 762 761 760 763 759 764 758 765 757 756 766 767 755 769 768 770 771 170 168 169 1067 166 1066 1064 167
1505 763 762 764 761 757 765 759 758 766 760 767 769 768 170 171 168 169 770 167 771 172 1068 1067 165 1065
1506 764 763 766 765 762 761 767 760 768 759 769 758 770 771 756 772 170 168 775 777 169 776 755 171 773
1507 764 765 766 763 762 767 761 760 769 768 759 770 771 168 167 772 773 1066 775 1067 774 169 171 1063 1068
1508 765 766 764 763 767 768 762 769 761 770 771 166 773 775 774 760 772 776 167 170 168 163 164 172 756
1509 766 767 765 764 768 763 769 770 762 771 772 773 167 775 166 168 163 164 165 774 776 169 1065 170 1064
1510 767 768 766 765 769 770 771 764 772 773 775 774 776 778 166 163 777 164 763 780 165 162 779 167 170
1511 768 771 770 769 767 773 772 765 766 775 774 776 764 777 778 163 166 780 164 779 162 167 165 781 782
1512 770 771 769 768 772 778 773 767 774 780 775 776 779 781 777 766 765 782 764 783 163 164 165 763 166
1513 771 772 770 773 774 778 776 775 777 768 769 780 767 779 781 782 765 766 163 161 164 162 783 764 165
1514 772 771 773 779 778 780 770 781 776 775 774 777 782 769 768 767 783 163 784 160 161 164 162 766 165
1515 772 771 770 773 778 780 776 775 781 779 777 774 782 769 768 767 783 784 164 161 163 766 160 162 165
1516 774 773 775 772 778 780 779 776 771 781 777 782 770 783 784 769 768 808 805 785 163 806 160 787 802
1517 774 773 775 776 772 779 771 780 777 778 782 781 783 784 770 785 805 769 807 802 806 786 768 787 808
1518 776 775 777 774 779 773 778 781 783 782 772 780 771 784 785 770 805 786 806 802 787 807 804 788 790
1519 777 778 776 779 775 774 773 780 781 783 782 784 772 785 771 770 786 787 795 802 805 788 790 806 796
1520 777 779 775 776 778 780 774 781 783 782 785 784 773 787 786 790 788 795 791 796 792 799 772 771 789
1521 779 778 780 777 782 781 783 784 776 775 785 787 774 786 788 795 773 790 791 796 792 798 797 802 789
1522 780 781 782 783 779 784 778 785 777 787 788 786 776 790 795 791 792 796 789 802 799 775 801 798 793
1523 780 783 781 779 784 782 785 778 787 786 776 788 790 777 791 792 775 795 796 789 793 800 802 798 797
1524 781 782 783 784 780 779 785 787 786 790 778 788 792 791 795 789 777 793 796 776 794 797 799 800 801
1525 783 782 784 781 785 780 779 786 787 790 788 791 789 778 792 795 777 793 794 796 776 798 797 800 799
1526 783 784 785 782 786 781 787 790 788 791 789 780 792 793 794 779 796 778 797 795 799 798 777 800 802
1527 784 785 786 787 783 788 790 782 789 791 792 781 793 780 794 796 795 797 779 798 799 802 778 800 801
1528 784 787 785 786 788 790 789 791 783 792 782 793 781 794 796 780 795 797 779 798 799 800 802 778 801
1529 787 788 786 785 784 790 791 789 792 793 783 782 794 796 781 780 797 795 798 779 799 800 802 801 778
1530 787 786 785 788 789 790 791 784 793 792 794 783 782 796 797 799 781 798 795 780 800 801 779 802 803
1531 787 788 789 790 791 786 785 793 794 792 784 797 796 799 783 782 798 800 801 795 781 802 780 803 779
1532 787 788 789 790 786 791 785 793 792 794 784 783 796 782 799 797 795 781 798 780 800 801 779 802 803
1533 788 790 789 787 791 786 793 794 792 785 784 796 799 797 783 782 798 781 795 802 801 800 780 803 804
1534 789 788 791 790 787 792 793 794 786 796 797 785 795 799 798 784 800 783 782 801 802 781 803 780 779
1535 790 791 789 788 793 792 787 794 796 799 797 801 795 786 785 800 798 802 803 784 783 782 805 804 781
1536 790 791 792 793 789 794 788 787 797 796 799 786 800 798 801 795 802 803 785 784 783 782 804 805 806
1537 792 790 791 793 794 789 788 797 787 796 799 795 798 800 786 802 801 785 803 784 804 783 782 805 809
1538 792 791 793 790 794 788 797 789 800 787 799 796 798 803 795 801 802 804 786 785 805 784 806 808 809
1539 791 792 793 790 794 789 796 797 799 788 787 800 801 798 795 802 803 786 804 785 784 805 809 806 810
1540 791 793 792 794 790 796 797 789 799 800 788 798 787 803 801 804 802 795 786 805 808 807 809 784 806
1541 793 794 792 791 790 797 796 798 789 788 800 787 795 802 801 799 803 786 804 785 805 784 806 809 783
1542 794 793 792 797 791 790 796 798 788 789 795 800 787 799 801 802 786 803 785 804 805 784 806 809 810
1543 793 794 797 792 799 796 791 798 790 802 801 800 795 789 803 788 787 804 786 805 806 809 811 810 785
1544 795 796 794 793 797 799 792 798 791 801 800 802 790 803 804 789 788 805 787 806 809 786 808 785 812
1545 796 795 798 793 792 801 797 794 800 799 791 802 803 790 806 789 804 788 805 808 809 787 810 811 813
1546 796 797 798 793 800 795 792 794 801 791 799 802 790 809 803 810 789 788 806 787 804 805 786 813 812
1547 798 796 797 793 792 799 795 800 794 802 801 791 790 804 803 789 788 805 806 787 809 808 786 807 812
1548 795 796 799 797 794 793 798 801 800 802 792 803 791 790 804 806 789 805 788 787 809 786 812 808 810
1549 796 798 800 797 795 799 794 793 802 801 792 803 791 804 790 789 805 806 788 812 787 809 808 786 810
1550 800 797 801 796 794 803 799 795 802 798 804 793 792 791 805 790 806 811 789 808 809 788 810 812 807
1551 801 799 800 802 798 803 796 794 797 795 793 806 792 804 805 791 810 790 811 807 809 789 808 788 812
1552 800 798 797 796 795 794 802 803 806 801 793 799 792 791 790 804 810 805 789 811 812 807 809 808 788
1553 802 801 799 800 803 797 798 806 796 794 795 793 804 805 792 811 807 791 810 809 790 808 812 788 813
1554 800 799 801 803 797 802 796 794 798 793 804 795 792 806 791 805 810 809 790 808 807 789 811 788 812
1555 804 800 802 803 801 797 799 795 796 805 806 798 794 810 809 811 807 793 808 791 792 790 788 812 789
1556 801 803 802 800 806 799 798 797 805 804 796 795 810 811 794 809 793 808 807 791 792 790 812 789 813
1557 801 803 802 800 799 797 796 798 806 794 805 811 804 809 810 793 792 795 812 808 807 813 791 790 814
1558 803 802 805 801 806 804 808 809 800 811 807 798 810 799 797 796 794 792 795 812 793 813 791 789 790
1559 803 801 804 805 802 809 806 810 800 811 808 807 796 798 799 795 794 797 812 793 792 791 790 788 813
1560 806 804 803 802 801 809 800 798 805 811 808 795 807 810 799 796 792 793 791 797 812 794 790 813 814
1561 806 803 802 805 800 804 798 811 801 812 810 809 799 796 797 795 813 792 794 808 791 793 814 807 790
1562 804 805 802 803 806 801 809 810 800 811 812 799 798 808 807 797 795 796 813 794 814 793 792 815 791
1563 806 801 805 804 814 813 802 803 799 796 811 812 809 798 810 808 807 816 797 817 800 818 815 793 795
1564 806 810 809 803 811 802 812 801 805 800 804 798 808 799 813 807 796 814 815 794 795 797 793 792 791
2357 2306 18 9 17 2305 14 19 21 2302 20 2304 16 2301 2303 15 22 2300 12 13 2299 11 2298 23 10 2297
2358 2307 2306 14 18 17 19 9 20 21 2305 23 16 2301 2302 22 2303 2304 15 12 2300 11 13 2299 2298 10
2359 2307 2308 2306 14 9 18 17 20 21 2305 19 23 2302 16 2301 15 2304 22 2303 12 2300 11 13 2299 2298
2360 2307 2308 2309 2306 9 14 18 15 21 20 13 17 19 2305 2302 23 16 2301 2304 2303 11 12 2300 2299 2298
2361 2307 2308 2310 2306 2309 14 9 21 18 19 20 17 2302 16 23 2305 2301 22 2303 2304 15 12 2300 11 13
2362 2307 2308 2311 2310 2306 14 2309 9 17 18 21 20 19 23 2301 2302 16 2305 15 22 2303 2304 12 11 2300
2363 2307 2308 2312 2311 2306 2310 14 2309 9 17 18 21 19 20 23 2305 2302 2301 15 16 2304 22 2303 2300 11
2364 2307 2313 2308 2312 2311 2306 14 2310 2309 18 17 9 19 21 20 2302 22 2301 2305 16 2304 15 2303 11 12
2365 2314 2313 2307 2308 2311 2312 2306 2310 2309 14 13 17 9 18 2305 19 20 21 2302 23 2301 15 22 2303 16
2366 2315 2314 2307 2313 2308 2311 2312 2306 2309 2310 14 13 2305 9 18 19 21 20 17 2302 2304 22 2301 15 2303
2367 2316 2315 2314 2313 2307 2308 2312 2311 2306 2310 2309 14 13 18 2305 9 19 17 20 21 2302 16 23 22 2301
2368 2317 2316 2315 2314 2313 2312 2307 2308 2311 2310 2309 2306 15 13 14 9 18 21 17 19 20 2302 16 2305 2301
2369 2318 2317 2316 2315 2314 2307 2313 2308 2312 2311 2310 2306 2309 14 13 18 9 17 2305 19 21 20 2302 15 2301
2370 2319 2318 2317 2316 2315 2314 2313 2307 2308 2311 2312 2306 2309 2310 14 13 17 18 9 19 2305 21 20 15 2302
2371 2319 2320 2318 2317 2316 2315 2314 2313 2307 2308 2312 2311 2306 2310 2309 14 9 18 17 19 20 21 2302 2305 22
2372 2319 2321 2320 2318 2317 2315 2316 2314 2307 2313 2308 2312 2311 2306 2310 2309 14 13 2304 2305 18 17 9 19 20
2373 2319 2321 2320 2322 2318 2317 2316 2315 2314 2307 2313 2308 2311 2312 2306 2309 2310 14 13 18 9 17 2305 19 21
2374 2319 2321 2323 2320 2322 2318 2317 2316 2315 2314 2313 2307 2308 2312 2311 2310 2306 2309 14 13 2305 18 9 17 19
2375 2319 2321 2324 2323 2320 2322 2318 2317 2316 2315 2314 2313 2307 2308 2311 2312 2310 2306 2309 14 18 9 2305 17 19
2376 2319 2324 2323 2325 2321 2320 2322 2318 2317 2316 2315 2314 2313 2307 2308 2312 2311 2310 2309 2306 14 13 9 17 18
2377 2319 2324 2321 2323 2325 2326 2320 2322 2318 2317 2316 2315 2314 2313 2312 2311 2307 2308 2310 2306 15 2309 14 2305 13
2378 2319 2325 2324 2327 2323 2326 2321 2320 2322 2318 2317 2316 2315 2314 2313 2307 2312 2308 2311 2310 2306 2309 14 18 13
2379 2324 2319 2328 2326 2325 2327 2323 2321 2320 2322 2317 2318 2316 2315 2314 2313 2307 2312 2308 2311 2306 2309 2310 14 17
2380 2329 2324 2319 2328 2321 2326 2325 2327 2323 2322 2320 2317 2318 2316 2315 2314 2313 2307 2312 2308 2311 2310 2309 2306 14
2381 2329 2330 2321 2324 2323 2327 2325 2328 2326 2319 2320 2322 2317 2318 2316 2315 2314 2307 2313 2308 2312 2311 2310 2306 2309
2382 2329 2330 2331 2319 2325 2323 2328 2324 2327 2320 2326 2321 2322 2317 2318 2316 2315 2314 2307 2313 2308 2312 2311 2306 2310
2383 2332 2329 2330 2331 2323 2319 2328 2325 2327 2324 2326 2320 2321 2322 2317 2318 2316 2315 2313 2307 2314 2312 2308 2311 2306
2384 2333 2329 2332 2331 2330 2319 2323 2325 2324 2328 2327 2326 2321 2320 2322 2318 2317 2316 2315 2314 2313 2307 2308 2312 2311
2385 2334 2333 2332 2329 2330 2331 2323 2319 2324 2325 2328 2327 2326 2321 2320 2322 2318 2317 2316 2315 2307 2313 2314 2312 2308
2386 2335 2334 2333 2329 2331 2332 2330 2319 2324 2328 2323 2327 2325 2326 2321 2320 2322 2317 2318 2316 2315 2314 2313 2307 2312
2387 2335 2334 2336 2333 2332 2329 2330 2331 2328 2325 2319 2324 2327 2326 2323 2321 2320 2322 2317 2318 2316 2315 2314 2307 2313
2388 2336 2335 2337 2334 2333 2329 2332 2331 2330 2325 2324 2319 2323 2328 2327 2326 2321 2320 2322 2318 2317 2316 2315 2307 2314
2389 2335 2336 2338 2337 2334 2333 2332 2329 2331 2330 2324 2319 2328 2323 2325 2326 2327 2321 2320 2322 2317 2318 2316 2315 2314
2390 2336 2333 2337 2338 2339 2335 2334 2332 2331 2330 2329 2328 2319 2324 2325 2326 2327 2323 2322 2320 2321 2318 2317 2316 2315
2391 2332 2333 2336 2334 2335 2337 2339 2330 2329 2331 2340 2338 2328 2324 2327 2319 2325 2326 2323 2322 2320 2321 2318 2317 2315
2392 2331 2333 2332 2330 2337 2336 2334 2335 2339 2338 2329 2340 2324 2341 2328 2326 2319 2325 2327 2323 2322 2321 2320 2317 2318
2393 2332 2336 2337 2333 2330 2335 2331 2338 2342 2339 2340 2341 2334 2329 2328 2324 2327 2325 2326 2319 2322 2321 2320 2323 2317
2394 2331 2333 2332 2334 2336 2330 2339 2337 2338 2335 2340 2342 2329 2343 2341 2328 2325 2324 2326 2322 2327 2323 2319 2321 2320
2395 2333 2331 2339 2332 2335 2334 2336 2337 2340 2329 2343 2341 2338 2344 2330 2342 2325 2328 2326 2324 2323 2322 2327 2319 2321
2396 2342 2339 2338 2324 2345 2322 2333 2334 2325 2344 2331 2335 2336 2332 2343 2337 2326 2327 2321 2340 2341 2319 2330 2320 2323
2397 2333 2327 2344 2332 2325 2338 2335 2345 2337 2334 2339 2336 2329 2341 2342 2326 2331 2340 2346 2330 2324 2343 2328 2321 2322
2398 2333 2342 2343 2345 2332 2344 2339 2334 2336 2338 2326 2347 2329 2327 2337 2335 2325 2328 2346 2341 2340 2330 2331 2324 2321
2399 2327 2326 2338 2347 2345 2337 2339 2331 2334 2335 2343 2342 2344 2341 2346 2333 2332 2325 2322 2324 2336 2323 2329 2321 2319
2400 2338 2345 2342 2349 2347 2326 2339 2327 2341 2344 2337 2321 2346 2332 2335 2334 2322 2323 2343 2331 2324 2336 2348 2333 2319
2401 2326 2345 2325 2332 2342 2347 2333 2349 2346 2331 2339 2338 2341 2336 2324 2334 2322 2344 2337 2343 2335 2327 2320 2350 2348
2402 2345 2347 2328 2350 2333 2331 2332 2342 2338 2330 2329 2326 2341 2325 2349 2339 2324 2343 2344 2337 2335 2323 2346 2340 2336
2403 2331 2332 2347 2336 2346 2333 2343 2330 2344 2345 2349 2342 2335 2329 2339 2348 2338 2341 2334 2337 2340 2328 2352 2324 2326
2404 2331 2346 2336 2343 2344 2345 2333 2334 2339 2330 2337 2347 2340 2335 2329 2332 2349 2348 2342 2338 2351 2321 2319 2323 2341
2405 2331 2334 2330 2323 2339 2333 2332 2346 2335 2337 2329 2343 2336 2324 2319 2325 2321 2340 2349 2344 2326 2327 2345 2350 2348
2406 2333 2326 2332 2345 2342 2322 2325 2346 2327 2331 2343 2344 2336 2347 2337 2338 2339 2334 2321 2351 2349 2323 2335 2340 2341
2407 2342 2345 2326 2339 2338 2334 2327 2349 2337 2347 2332 2319 2322 2343 2324 2335 2346 2331 2341 2323 2352 2340 2344 2325 2336
2408 2340 2341 2332 2328 2334 2330 2337 2335 2325 2329 2342 2331 2339 2322 2348 2347 2345 2326 2338 2344 2349 2324 2333 2320 2346
2409 2343 2333 2337 2338 2336 2335 2347 2341 2344 2329 2324 2334 2340 2331 2349 2346 2345 2358 2330 2342 2326 2325 2322 2350 2328
2410 2328 2335 2337 2341 2359 2329 2326 2334 2332 2336 2324 2345 2338 2342 2330 2347 2340 2333 2358 2350 2321 2354 2325 2348 2349
2411 2326 2327 2338 2321 2337 2322 2342 2345 2331 2332 2325 2336 2347 2333 2339 2323 2349 2344 2343 2352 2329 2334 2358 2335 2346
2412 2333 2335 2331 2327 2336 2337 2326 2322 2332 2338 2339 2321 2334 2346 2344 2342 2341 2343 2320 2340 2325 2345 2329 2347 2358
2413 2332 2321 2324 2335 2331 2326 2323 2325 2327 2337 2334 2341 2336 2346 2344 2340 2317 2310 2316 2328 2314 2351 2353 2322 19
2414 18 2331 2337 2326 20 2336 21 2335 19 2334 2327 2351 2344 2316 12 2340 2321 22 2346 2353 2318 2343 25 2317 11
2415 16 21 20 17 18 19 13 14 15 22 12 2327 2331 2321 2324 23 2336 2344 11 2332 2337 2351 2323 2326 2341
2416 17 20 18 16 21 22 13 15 19 14 12 2325 2331 2324 11 2332 23 2323 2341 2334 2328 2365 2321 2343 2340
2417 18 20 21 19 17 16 13 15 22 14 23 2328 12 2324 2334 2331 2325 2332 11 24 2323 2335 2327 2357 2340
2418 17 16 21 20 23 15 18 13 19 12 14 22 24 2327 11 2326 2331 2324 2325 10 9 2335 2365 2336 2337
2419 22 21 20 23 19 15 17 24 18 14 16 2328 2323 2368 2324 2365 2367 2341 2366 25 2340 9 8 26 11
2420 20 19 18 21 22 17 23 24 16 15 26 8 14 27 25 28 13 6 9 7 2327 2325 2341 2328 2368
2421 21 20 19 23 22 17 24 18 16 25 26 15 13 14 8 27 9 29 28 10 7 11 30 12 5
2422 22 23 21 24 20 19 25 18 26 27 8 17 29 16 9 10 28 7 30 13 12 11 15 14 6
2423 23 22 24 21 20 19 25 26 27 18 17 8 29 10 28 9 16 11 13 30 15 12 7 32 14
2424 23 24 22 21 20 26 27 19 25 18 28 29 17 8 16 13 10 30 9 32 11 15 14 12 31
2425 24 23 22 29 27 26 25 20 21 28 18 19 30 17 9 10 32 16 13 14 15 11 12 31 8
2426 24 26 27 23 22 29 25 28 30 32 20 19 21 18 33 31 16 17 15 14 34 8 35 9 13
2427 26 27 24 28 29 23 25 30 22 32 31 19 18 20 33 17 21 16 34 11 13 35 12 9 10
2428 26 27 28 24 29 25 31 22 30 32 23 33 19 17 34 18 20 35 21 36 16 15 37 14 13
2429 27 26 29 28 25 24 30 32 31 33 23 22 34 19 35 17 13 18 10 20 11 21 36 16 9
2430 28 27 29 26 30 25 32 31 33 24 34 35 22 23 36 17 19 20 18 10 13 21 9 11 37
2431 29 28 30 27 26 31 32 25 33 34 24 35 36 37 38 23 22 9 10 8 19 39 16 14 15
2432 30 29 28 31 27 32 33 26 25 34 35 36 24 37 9 22 23 8 10 38 14 16 19 17 15
2433 30 31 29 28 32 27 33 34 35 36 26 25 37 38 24 39 9 40 10 22 41 23 14 42 8
2434 32 31 30 33 34 35 28 36 29 37 27 25 26 38 39 40 24 41 42 43 22 23 44 13 19
2435 32 33 31 30 34 35 36 29 28 37 27 38 39 26 25 40 41 42 43 44 24 45 22 46 13
2436 33 34 35 32 31 36 37 30 38 29 28 39 27 41 40 26 42 25 43 44 45 24 46 47 17
2437 35 34 33 32 36 37 31 38 39 30 28 29 40 41 27 42 26 43 44 25 45 24 46 47 48
2438 35 36 34 37 33 32 31 38 39 30 40 29 28 41 27 42 43 26 25 44 45 24 46 47 22
2439 36 37 35 34 38 33 39 40 32 31 30 42 41 29 28 27 43 44 26 25 45 24 46 47 48
2440 37 38 39 36 40 35 33 41 34 32 31 42 30 43 29 44 28 27 45 26 25 46 47 48 49
2441 38 39 37 36 40 42 41 31 33 30 34 35 29 32 43 28 27 44 45 26 47 46 48 49 51
2442 39 40 38 37 41 42 43 36 33 35 34 44 31 32 45 30 28 46 29 27 47 26 48 49 25
2443 40 41 38 39 42 37 43 36 44 33 45 30 35 34 29 32 31 28 46 27 26 47 48 49 50
2444 41 42 40 39 43 38 44 37 45 36 35 34 46 33 47 31 32 30 29 48 49 50 51 54 52
2445 42 43 40 41 44 39 45 38 37 46 47 36 35 33 34 31 32 48 30 49 50 51 55 53 56
2446 43 42 44 41 40 45 39 38 46 37 47 36 34 32 33 35 48 49 50 52 51 55 53 54 58
2447 45 44 42 43 41 46 47 40 48 39 49 38 50 37 52 51 35 53 64 62 55 63 65 57 54
2448 45 46 44 43 47 42 48 41 49 40 50 39 51 52 63 64 57 65 59 38 53 54 62 55 58
2449 47 46 45 48 44 49 43 50 42 51 41 52 40 63 39 53 54 62 64 60 65 61 58 57 66
2450 47 48 49 46 50 45 51 52 42 44 54 53 43 41 55 60 64 65 66 59 58 61 63 57 56
2451 49 48 50 47 51 52 46 53 54 55 65 64 45 44 42 63 43 66 60 59 62 67 58 61 57
2452 50 49 51 48 52 47 53 55 54 56 46 57 66 63 65 64 67 61 60 62 45 59 58 68 69
2453 51 50 52 49 48 53 47 54 55 56 57 46 66 65 69 67 58 63 61 64 68 62 45 70 60
2454 52 51 53 50 54 55 49 56 57 58 48 59 60 47 61 63 65 62 66 67 69 68 64 70 71
2455 53 54 52 55 51 56 50 57 58 59 49 60 61 48 62 64 63 70 69 68 66 47 67 71 72
2456 56 57 55 54 58 53 59 60 51 61 50 52 49 62 65 66 48 67 64 71 68 69 70 92 73
2457 57 58 54 56 55 59 60 61 53 62 51 50 52 49 67 66 65 68 64 69 70 72 86 71 87
2458 58 59 57 56 60 61 55 62 63 54 64 65 66 53 67 68 69 70 72 71 78 74 93 52 96
2459 58 59 60 61 57 62 63 64 56 55 65 54 66 67 70 68 69 71 95 72 78 79 96 73 53
2460 60 61 58 59 63 62 57 64 65 56 66 55 68 70 67 69 54 71 95 78 96 79 93 80 74
2461 60 61 63 62 59 58 64 65 57 66 56 55 67 69 68 70 54 80 71 78 97 95 96 79 72
2462 62 61 60 63 64 59 65 58 66 57 67 56 55 68 70 69 71 80 95 96 78 81 93 79 82
2463 62 64 63 61 65 60 59 66 67 58 57 56 68 80 69 70 55 71 81 95 74 98 82 72 93
2464 64 65 62 63 61 60 66 67 68 59 58 57 69 56 70 80 99 71 72 81 55 82 98 74 95
2465 65 64 66 63 62 61 67 60 68 59 69 58 57 56 70 81 100 71 82 80 72 83 55 95 73
2466 66 65 67 64 68 63 69 70 62 71 60 61 82 72 83 80 54 103 102 59 74 73 56 95 81
2467 66 67 65 68 64 69 63 70 71 62 72 103 61 101 102 54 80 73 56 81 74 82 75 60 83
2468 67 68 66 69 65 64 70 71 72 63 62 73 54 57 102 55 74 82 84 99 100 83 80 101 75
2469 68 67 69 70 66 65 71 72 64 73 63 74 75 62 56 54 76 78 77 79 100 80 101 102 82
2470 69 70 68 71 67 66 72 65 73 74 75 64 63 76 62 78 77 56 106 101 102 80 100 99 57
2471 70 69 68 71 72 67 73 66 74 75 65 76 64 77 63 78 79 80 58 57 81 59 106 100 54
2472 71 70 72 69 68 73 67 74 75 66 65 76 77 64 78 79 80 63 82 57 81 95 58 96 56
2473 72 71 73 74 70 69 75 76 68 67 66 77 65 78 64 63 62 80 81 61 82 59 79 58 83
2474 73 72 74 75 71 76 70 69 67 68 77 79 66 78 64 65 63 80 82 62 59 60 81 57 83
2475 74 73 75 72 76 71 70 69 77 68 67 79 80 78 66 65 63 62 64 60 93 59 82 61 92
2476 75 74 76 73 72 77 71 70 69 78 79 68 80 67 64 81 66 63 62 65 82 83 93 61 59
2477 76 75 77 74 73 72 78 79 71 70 80 69 81 63 68 82 59 62 64 66 96 61 65 58 60
2478 77 76 78 79 75 74 80 73 72 81 71 82 70 63 83 64 84 62 65 66 60 69 68 61 67
2479 78 77 79 76 80 75 81 74 73 72 82 71 83 63 84 70 62 65 64 66 98 61 68 96 67
2480 79 80 78 77 76 81 75 82 74 73 72 83 84 64 63 71 65 66 85 70 62 98 69 97 68
2481 80 81 79 82 78 83 77 76 75 74 84 73 85 64 65 86 63 95 66 72 71 68 98 70 67
2482 81 80 82 79 83 78 77 84 76 85 86 75 74 65 64 66 95 67 63 96 71 72 97 68 70
2483 82 81 83 80 84 79 77 78 85 86 76 87 65 67 75 66 97 64 68 98 96 95 72 63 71
2484 83 82 84 81 85 80 86 87 79 78 77 76 88 68 67 65 98 97 99 69 66 70 71 74 96
2485 84 83 85 86 82 87 81 88 80 79 78 77 68 69 67 70 66 100 98 65 99 71 89 97 101
2486 85 84 86 87 83 88 89 82 90 81 80 79 69 68 70 71 78 102 67 99 101 103 100 66 72
2487 86 85 87 84 88 89 90 83 91 82 81 70 80 101 69 100 102 71 103 68 67 99 66 79 72
2488 86 87 89 85 88 90 91 84 92 83 70 81 82 72 71 69 103 93 102 100 104 67 68 73 74
2489 88 87 89 86 90 91 85 92 93 84 83 82 71 72 70 73 74 103 94 69 81 75 102 68 67
2490 89 88 90 91 92 87 86 93 85 95 84 96 75 94 74 73 76 83 72 103 56 71 82 102 106
2491 90 91 89 88 92 93 87 94 86 85 95 96 97 77 74 75 76 73 72 78 62 63 61 56 59
2492 91 90 92 93 88 89 94 87 86 95 96 97 77 98 78 79 76 63 75 73 60 64 74 61 71
2493 92 91 93 90 94 89 88 95 96 87 97 98 78 99 75 77 76 100 74 63 61 60 64 79 59
2494 94 93 92 95 91 96 97 90 98 89 99 79 101 80 100 78 77 76 75 88 63 61 74 62 81
2495 94 95 93 92 96 97 91 98 99 90 100 101 102 80 81 63 89 79 77 78 76 61 64 62 75
2496 95 96 97 98 94 93 99 100 101 92 102 103 91 80 63 78 79 81 82 77 90 64 65 68 62
2497 96 97 95 98 100 99 94 101 102 93 103 104 92 105 63 80 91 81 82 65 78 64 79 67 66
2498 98 97 99 100 96 101 95 102 103 104 94 105 93 65 80 81 83 64 79 92 68 66 82 106 67
2499 98 99 100 97 101 96 102 95 103 104 105 106 107 94 93 80 81 84 83 65 79 82 78 67 92
2500 99 100 101 98 102 97 103 104 96 105 107 106 108 95 94 93 80 66 84 81 79 92 83 69 68
2501 101 102 100 99 103 98 104 105 107 106 97 108 109 96 111 110 95 93 67 94 81 68 69 70 85
2502 102 103 101 104 100 105 106 107 99 108 109 98 111 110 113 112 114 97 96 95 68 69 63 70 84
2503 104 103 105 102 107 106 101 108 109 100 111 110 113 112 99 114 98 115 116 117 97 95 118 96 119
2504 105 106 107 104 108 103 109 102 111 110 113 112 114 101 116 115 100 117 118 99 119 120 98 97 96
2505 107 106 108 105 104 109 111 112 110 103 113 114 116 115 117 102 120 118 119 101 121 122 100 124 123
2506 107 108 109 110 111 113 106 112 114 116 115 117 105 118 119 104 120 103 121 122 123 124 102 101 125
2507 111 110 109 113 108 112 114 107 115 116 117 106 119 118 120 121 122 123 105 124 104 125 103 126 127
2508 112 113 114 111 115 117 116 110 109 118 120 108 119 121 122 107 123 124 106 125 126 127 105 128 129
2509 114 116 115 113 112 117 119 118 120 111 110 121 122 109 123 124 125 108 126 127 107 128 129 131 106
2510 118 116 117 115 119 120 114 121 113 112 122 110 123 111 124 125 126 127 109 128 129 108 131 133 130
2511 119 120 121 117 118 123 122 115 116 124 114 113 125 126 112 127 111 110 128 129 109 133 131 130 134
2512 123 122 124 121 119 120 125 118 126 116 127 117 115 128 129 114 131 113 133 134 132 130 112 135 136
2513 125 124 123 126 122 127 121 128 119 120 118 129 117 116 115 131 134 133 130 132 135 137 114 136 138
2514 127 128 126 125 129 124 131 123 130 133 132 122 134 121 119 136 135 120 137 138 139 118 117 140 141
2515 130 129 128 131 132 127 133 126 134 125 124 135 136 123 138 137 139 140 122 121 141 120 142 119 118
2516 132 133 131 130 129 128 134 135 137 136 126 127 124 125 139 138 140 123 141 142 122 121 143 120 119
2517 133 131 136 134 140 135 137 129 138 132 130 139 128 142 126 141 127 143 144 125 124 145 123 146 148
2518 136 137 139 135 140 133 131 134 132 138 141 142 130 143 129 128 144 127 145 126 146 147 125 124 148
2519 136 137 139 138 140 135 141 142 134 132 133 130 131 143 144 129 145 128 146 127 147 148 126 149 124
2520 139 140 136 137 141 138 134 135 131 143 142 133 132 130 144 128 129 145 146 147 127 126 149 148 124
2571 1563 1559 1558 1562 1561 1564 1565 1560 1566 1567 1557 1568 1556 807 1569 1554 1553 1555 809 805 804 802 811 806 808
2572 1561 1559 1558 1562 1560 1563 1564 1565 1567 1557 1556 1555 1566 1568 1554 807 1553 804 805 808 1548 806 803 802 809
2573 1562 1560 1563 1555 1559 1561 1557 1554 1558 1553 1564 1556 1550 1565 1552 1551 1566 805 799 802 1547 1567 1548 808 806
2574 1555 1557 1548 798 1562 1554 1550 1549 1561 800 1552 1559 1551 1544 1556 1560 795 1563 1546 794 1547 797 1543 1542 804
2575 1557 1554 1559 1558 1561 1555 1556 1550 1551 801 802 1553 1552 803 1562 800 1548 1549 798 1560 1547 1546 810 806 1563
2576 1555 1556 1558 1559 1554 1557 1550 1551 803 801 1552 802 800 1553 1561 804 1549 806 799 805 1560 1562 796 1546 797
2577 803 1556 802 1555 1558 1557 806 801 804 1561 1559 805 1554 1562 811 800 807 809 1553 810 1550 808 1551 798 1560
2578 807 806 808 810 809 811 1554 805 804 801 1556 1561 1557 803 802 1555 1550 1559 1558 800 1552 1553 1551 1549 798
2579 810 811 809 812 808 813 807 814 806 805 815 1558 1562 1561 1559 1565 803 802 1557 804 816 801 1554 1556 1566
2580 812 813 811 814 810 809 806 815 816 817 1557 1565 1564 818 1561 808 802 1562 805 1566 1559 1567 801 1568 820
2581 814 816 815 817 818 813 811 812 819 821 820 823 822 810 806 824 825 1562 1563 1561 1567 1566 1564 1568 1565
2582 817 818 816 819 815 814 820 821 823 813 822 824 812 825 826 1561 811 1568 1567 1557 1566 1562 1564 1559 810
2583 819 820 821 823 818 814 824 822 817 825 816 815 813 826 812 1566 1569 1568 827 811 1564 1563 1565 1567 1562
2584 824 822 821 823 820 819 825 826 818 827 814 817 829 816 828 815 830 813 1569 812 1567 1568 1566 811 1564
2585 823 824 825 826 821 822 820 827 819 828 814 829 818 817 830 831 816 815 813 832 812 811 1567 1569 809
2586 825 826 824 822 827 823 828 821 829 820 830 819 831 832 818 817 833 814 816 834 813 815 812 811 2526
2587 826 825 827 828 830 829 824 823 822 831 832 821 820 833 819 834 818 817 814 816 835 815 813 836 812
2588 827 826 828 829 830 825 831 832 824 833 822 823 821 820 834 819 835 818 817 814 836 816 813 815 812
2589 827 828 829 826 825 824 831 832 833 830 823 822 821 834 820 835 819 836 818 837 817 816 814 2529 2528
2590 830 832 831 829 828 833 827 834 826 825 824 835 823 822 836 821 837 820 838 819 839 818 2530 2529 2528
2591 833 834 832 829 831 828 827 830 835 826 836 837 825 824 823 838 822 839 821 840 820 841 842 2529 2530
2592 833 834 832 831 829 830 835 828 827 836 837 826 838 825 839 824 823 822 840 842 841 2532 2530 2529 2531
2593 835 837 834 833 836 832 838 831 829 828 830 827 826 840 839 841 842 843 825 844 823 822 2536 2535 2540
2594 836 837 838 833 835 840 834 839 841 842 832 831 843 829 830 845 844 828 846 827 826 847 2540 2539 2536
2595 838 837 836 839 840 841 843 842 835 834 833 844 846 845 832 831 847 830 829 848 828 827 2540 2541 849
2596 838 839 840 841 836 837 843 842 844 835 845 846 834 833 847 848 832 831 849 830 850 829 2540 2541 2542
2597 841 840 842 839 843 838 844 845 837 846 836 835 834 847 848 833 849 832 850 831 851 2540 2541 2542 853
2598 841 843 842 840 844 845 846 847 839 838 848 837 836 835 834 849 850 833 851 832 852 831 853 2540 2544
2599 843 844 845 842 840 847 846 841 839 848 838 849 837 836 850 835 851 834 852 853 833 2544 2543 2542 2541
2600 844 843 842 845 846 847 848 841 849 840 850 839 851 838 852 837 836 853 835 854 2544 2543 2545 2542 2541
2601 846 847 845 848 844 849 842 850 843 851 841 840 852 839 853 854 838 855 2545 2546 2547 2544 2549 2548 2543
2602 847 848 846 849 850 845 844 851 840 852 841 853 842 843 854 839 855 856 838 2546 2548 2549 2547 2550 2551
2603 849 848 850 851 847 852 853 846 845 842 854 844 843 855 856 840 841 857 858 839 87 2546 2547 2488 2545
2604 850 849 851 852 848 853 854 847 855 846 845 856 842 857 844 843 858 841 840 859 2546 2551 88 2548 2553
2605 851 852 853 850 854 855 849 856 857 848 858 847 845 846 842 859 844 843 840 841 860 2552 2551 2490 88
2606 853 852 854 855 851 856 857 850 858 849 859 860 848 861 847 846 842 845 843 2547 2552 844 2551 90 2554
2607 854 855 853 856 852 857 858 851 860 859 861 850 862 849 848 863 2554 2553 2547 864 865 870 90 2556 2555
2608 855 856 854 857 858 853 859 860 852 861 862 851 863 850 864 849 865 848 868 2553 2555 2556 2554 867 866
2609 856 855 857 858 854 860 859 853 861 862 863 852 864 865 851 866 850 2556 2555 867 868 869 871 870 2554
2610 857 856 858 855 860 859 854 861 862 863 864 853 865 852 866 851 867 2555 2556 2554 850 870 868 869 2553
2611 858 859 860 861 857 862 856 863 855 864 854 865 866 867 853 868 869 852 2555 2556 851 2558 2557 2554 2553
2612 860 861 859 862 858 857 863 864 856 865 866 867 855 868 854 869 870 853 852 871 2555 2554 2556 2557 2558
2613 862 860 861 859 858 864 863 857 865 866 856 868 867 869 855 870 854 853 871 2554 852 2555 2556 2558 872
2614 862 863 864 861 860 858 859 866 865 867 868 869 857 856 870 871 855 872 854 873 853 2555 2557 2556 874
2615 864 866 867 865 868 863 869 870 871 862 872 873 874 860 861 875 859 858 876 877 857 2557 2558 2561 2556
2616 866 865 864 867 868 869 870 871 872 863 874 873 875 876 862 877 861 860 878 879 859 2558 2557 2559 2560
2617 867 868 866 865 869 870 871 872 873 874 875 864 876 877 863 878 862 879 880 861 881 2558 860 2560 2559
2618 868 869 867 870 865 872 871 866 873 874 875 876 877 878 864 879 863 880 881 862 882 883 861 2558 2560
2619 869 868 870 867 871 872 873 874 865 866 875 876 877 878 879 880 881 864 882 883 863 884 2560 2561 885
2620 872 871 873 870 869 874 875 868 867 877 876 878 865 866 879 880 881 882 883 864 884 885 863 886 2561
2621 872 873 874 871 875 870 869 876 877 868 878 867 879 880 881 882 865 866 883 884 885 886 887 864 888
2622 870 874 871 869 872 873 868 875 867 877 876 878 866 865 879 880 881 883 882 864 2562 2561 886 884 2566
2623 877 876 878 875 879 880 874 873 881 872 883 882 884 871 885 886 870 887 889 888 869 891 890 868 892
2624 877 878 879 880 876 881 875 873 883 874 882 872 884 885 886 887 889 891 888 871 893 892 890 870 868
2625 882 877 870 884 881 875 883 878 886 874 885 873 872 871 879 880 887 876 869 888 892 890 868 893 889
2626 883 881 884 882 885 889 886 891 890 880 887 879 888 877 892 878 893 876 874 875 873 872 894 871 895
2627 894 884 879 878 880 876 885 882 887 881 886 875 888 883 877 874 890 873 889 872 891 871 870 869 893
2628 883 881 885 880 878 879 877 888 884 889 886 882 887 876 891 890 892 875 874 893 873 898 2566 2567 872
2629 891 892 887 893 890 888 889 886 885 898 884 894 883 881 882 895 899 897 880 879 896 878 900 877 876
2630 897 894 888 892 898 891 890 895 901 889 893 899 900 896 887 886 885 903 884 902 883 882 881 879 880
2631 896 888 884 887 894 892 897 886 890 885 903 891 893 904 895 899 889 905 900 906 882 901 880 902 898
2632 905 903 1288 904 906 899 1286 907 1289 914 909 901 908 898 900 897 902 910 808 2577 1285 875 896 843 872
2633 905 901 904 899 900 903 906 908 907 897 902 898 896 910 909 912 894 914 895 911 913 887 884 888 1545
2634 901 902 903 899 900 905 898 904 906 897 907 896 910 908 913 909 895 894 911 912 914 893 892 891 886
2635 908 906 910 901 909 911 903 912 904 907 900 905 899 902 897 914 915 898 913 1550 798 1558 1551 916 797
2636 903 901 904 902 905 900 906 908 898 909 907 899 910 911 895 894 897 896 912 808 2578 1558 1560 1559 891
