831 0 1 2 3 5 41 756 19 752 754 20 755 28 751 753 42 21 29 6 43 757 18 631 780 628
832 0 1 2 3 4 5 6 756 41 42 43 755 754 21 23 44 752 758 29 20 19 631 22 762 628
833 0 1 2 4 3 5 6 7 756 755 758 43 754 752 23 21 20 763 45 645 764 631 22 623 8
834 0 1 2 3 4 5 6 7 8 759 756 23 758 43 45 755 26 32 25 10 21 22 783 24 646
835 1 2 0 3 4 5 6 7 8 758 759 760 9 23 756 10 26 27 13 24 12 25 22 14 17
836 3 4 2 5 1 6 0 7 8 9 10 13 763 46 47 23 49 28 27 26 11 50 25 48 24
837 4 3 6 5 7 8 2 1 0 9 10 27 29 11 28 26 763 30 25 762 47 23 20 48 14
838 4 5 6 3 2 1 7 8 0 9 10 11 763 29 28 12 27 26 25 762 30 14 15 781 31
839 6 4 5 3 7 8 9 2 10 1 0 11 12 13 764 763 29 28 26 27 30 31 19 25 18
840 7 6 8 9 10 5 11 4 12 3 13 2 14 1 0 766 767 763 33 26 653 29 30 27 654
841 8 9 7 6 10 11 12 5 13 4 3 14 2 15 1 766 763 767 21 22 20 16 26 24 765
842 9 10 8 11 7 12 6 13 5 14 4 3 15 16 2 767 766 768 28 24 32 26 23 655 656
843 10 11 9 8 7 12 6 13 14 15 5 4 16 3 767 768 766 26 17 769 25 23 29 656 778
844 11 12 10 13 15 14 9 8 7 16 6 5 17 4 3 769 768 22 767 766 23 24 770 18 779
845 13 12 15 14 11 16 10 9 17 8 7 6 5 4 18 771 767 766 769 768 19 24 770 22 778
846 14 13 15 12 16 17 11 9 10 8 18 7 771 769 770 19 24 767 768 766 738 778 776 20 772
847 15 13 16 14 17 12 11 18 9 10 8 7 19 20 771 767 772 769 768 778 766 770 773 777 21
848 16 15 14 13 17 18 12 19 11 20 10 21 9 22 8 23 24 771 29 26 767 778 27 777 25
849 17 18 15 16 19 14 20 13 22 21 23 12 24 26 25 28 772 11 771 30 27 774 732 770 29
850 18 17 19 20 16 21 15 22 14 23 13 24 12 772 11 10 25 771 731 31 743 742 29 30 774
851 19 20 21 22 18 23 17 24 25 26 15 16 27 14 13 772 12 11 771 774 780 782 781 773 9
852 20 19 21 22 23 18 17 24 25 26 16 27 14 15 772 30 773 13 774 32 771 12 31 733 34
853 21 22 20 23 19 24 18 17 25 26 27 28 16 15 31 30 773 32 782 774 783 772 14 776 13
854 23 22 24 21 20 26 25 19 27 18 17 28 29 776 15 32 16 773 30 14 803 772 33 777 774
855 24 23 22 21 26 25 27 20 28 19 29 18 30 17 777 778 15 16 14 31 33 776 32 779 774
856 25 26 24 28 27 23 29 22 21 30 20 31 19 32 18 33 16 778 14 781 776 17 777 739 741
857 26 25 24 27 28 23 29 22 30 21 31 32 19 20 17 16 33 34 776 778 736 774 18 777 739
858 27 28 29 26 25 24 30 31 23 32 22 33 34 21 35 36 776 779 778 16 37 737 739 781 741
859 28 27 29 26 25 30 31 24 32 33 34 35 23 22 36 37 779 780 808 778 782 21 781 744 743
860 29 30 31 27 28 32 26 33 34 25 35 24 36 37 23 38 782 780 779 781 808 783 809 744 784
861 30 29 32 31 28 34 33 27 26 35 36 25 37 38 24 808 40 778 771 39 540 742 21 539 541
862 31 32 33 30 34 29 35 28 27 36 37 25 38 39 40 26 18 745 747 739 41 746 748 749 744
863 32 33 31 34 30 35 37 36 38 29 39 28 40 27 533 41 26 747 782 781 748 785 746 783 743
864 33 34 32 31 35 36 37 30 38 39 29 28 40 41 27 42 783 784 26 748 747 749 786 745 746
865 35 34 36 37 33 38 32 39 40 31 41 30 42 533 29 43 783 748 812 27 751 749 803 785 28
866 35 36 34 37 39 33 38 32 31 40 41 30 534 533 42 43 787 783 782 745 749 815 747 784 542
867 37 36 38 40 39 35 34 41 33 42 32 43 31 533 30 29 531 28 815 787 786 789 745 783 15
868 38 37 39 36 40 41 35 34 42 33 533 32 43 31 44 30 786 812 783 811 45 750 46 784 748
869 39 41 40 38 37 42 43 36 35 46 44 45 34 32 33 787 788 786 18 785 15 777 818 790 789
870 39 41 40 42 38 37 36 35 43 47 34 33 44 32 46 45 788 785 787 786 819 818 790 805 753
871 41 39 43 40 42 38 44 37 45 36 47 46 35 48 49 50 34 33 31 788 787 32 790 791 753
872 42 43 44 41 40 45 39 46 38 47 48 37 49 50 36 35 51 34 821 33 789 32 791 31 20
873 42 43 41 40 44 38 39 45 46 47 37 48 50 49 36 529 51 35 34 789 52 1 788 0 758
874 44 43 45 46 42 41 47 48 40 49 50 39 51 38 37 52 529 36 53 35 54 795 758 0 1
875 45 47 44 46 43 42 48 49 41 40 50 51 39 52 53 38 37 54 796 759 761 760 758 794 756
876 47 46 48 45 49 42 43 44 41 50 51 52 40 39 53 37 54 38 759 760 761 55 56 0 23
877 47 48 49 50 46 51 45 52 44 53 43 42 54 40 41 55 57 56 58 0 796 760 824 60 821
878 49 48 50 46 51 45 47 52 44 53 43 42 54 55 0 761 760 798 763 57 56 759 58 762 758
879 50 49 51 48 47 52 46 45 53 44 43 42 527 54 55 56 763 0 761 760 57 764 762 765 759
880 51 50 52 53 49 54 48 47 55 45 46 56 44 57 58 59 60 802 61 0 62 803 1 814 799
881 52 51 53 50 54 55 56 49 47 48 57 46 45 58 59 799 60 61 803 62 0 801 802 798 800
882 53 52 54 51 55 56 50 57 47 49 48 58 46 59 60 61 62 800 799 801 802 804 803 523 524
883 54 53 55 52 56 57 51 58 50 59 49 60 61 48 62 47 802 524 46 804 800 245 801 803 819
884 55 54 53 56 57 52 58 59 51 60 61 50 62 49 63 47 802 48 801 803 46 804 64 243 820
885 56 55 57 58 54 59 60 53 52 61 62 51 63 50 241 49 239 240 802 246 245 242 248 803 247
886 57 56 55 58 59 60 61 54 53 62 52 51 50 240 241 238 248 243 244 242 245 820 246 247 239
887 58 57 59 60 56 61 55 62 54 63 53 52 248 236 247 242 249 524 246 243 526 237 245 250 238
888 59 58 60 57 61 62 56 55 63 64 54 65 53 52 246 248 247 236 235 245 242 249 237 524 243
889 60 61 59 58 62 57 56 63 64 55 65 54 66 53 52 243 245 244 226 242 248 235 51 624 249
890 61 62 60 63 59 58 64 57 65 56 66 55 54 53 52 67 51 247 245 244 243 249 248 246 241
891 62 63 61 60 64 59 65 58 57 66 56 67 54 55 244 245 68 69 249 53 527 241 248 247 526
892 63 64 62 61 66 65 60 67 59 58 57 68 69 56 55 54 247 242 527 246 241 250 239 235 249
893 64 65 61 66 63 62 60 67 68 59 58 57 69 56 55 54 514 53 52 526 524 523 805 70 242
894 65 66 64 67 68 63 69 62 61 60 59 70 58 57 56 55 514 515 526 242 527 524 244 407 406
895 66 65 64 68 67 69 61 63 62 70 60 59 58 57 242 249 527 227 420 526 75 417 406 531 418
896 67 68 69 66 65 70 64 61 63 62 60 71 59 249 248 253 420 421 422 247 419 527 532 423 404
897 67 68 69 70 66 65 64 61 63 71 62 60 75 59 411 806 74 420 399 629 820 409 400 780 401
898 69 70 67 68 66 65 71 64 72 61 63 60 523 420 74 249 804 250 62 412 247 411 806 248 521
899 70 69 67 68 66 74 65 64 71 72 73 61 63 75 60 522 76 412 521 806 402 249 401 520 605
900 71 72 70 73 69 68 67 74 66 75 65 64 76 521 781 26 821 25 409 798 410 606 819 23 595
901 72 71 73 70 69 68 74 67 75 66 64 76 65 77 537 523 412 522 411 525 807 403 521 402 78
902 72 73 71 75 70 68 69 74 76 67 77 429 48 66 523 47 654 49 65 637 527 64 249 638 821
903 74 75 73 72 78 71 76 77 70 79 69 68 80 67 81 49 526 82 602 403 50 409 408 378 430
904 74 75 76 77 79 78 80 70 81 82 69 73 71 72 68 83 254 257 252 243 404 250 405 406 263
905 75 76 77 78 74 79 80 81 82 70 72 71 73 69 255 83 254 260 253 252 250 68 251 259 262
906 76 78 77 79 75 80 74 81 82 83 253 254 252 251 249 247 820 262 418 527 248 267 525 263 266
907 77 76 78 79 75 80 81 82 74 83 72 73 255 253 256 254 260 261 262 251 249 263 259 410 408
908 78 79 80 77 81 76 82 75 74 83 73 255 256 249 250 260 252 254 259 268 251 231 526 419 525
909 79 78 80 77 75 76 81 74 82 72 83 260 256 254 70 250 822 255 84 412 411 85 408 543 542
910 80 81 79 78 82 76 77 75 83 74 84 494 496 495 493 255 260 253 259 252 254 492 261 251 488
911 81 80 82 83 79 84 78 77 76 75 74 85 89 86 88 87 495 492 494 493 497 257 260 253 255
912 81 82 80 79 77 78 83 76 75 496 494 495 492 493 489 84 491 490 487 74 486 257 260 255 256
913 83 82 81 84 80 79 85 78 77 86 88 91 76 89 87 75 92 490 498 497 491 499 74 266 265
914 84 83 85 82 86 89 81 88 87 91 90 92 495 488 490 489 491 486 74 273 263 262 272 260 274
915 85 84 83 86 82 89 88 91 92 87 81 90 80 79 78 77 76 75 74 263 264 272 261 265 262
916 86 85 88 87 84 83 89 90 91 92 82 80 81 79 78 77 76 75 491 493 263 266 264 262 268
917 86 85 87 88 90 84 89 91 92 83 82 80 81 79 77 76 75 491 493 268 266 267 261 263 260
918 87 89 88 86 85 84 90 91 83 82 92 80 81 79 491 267 266 269 268 263 264 262 257 258 259
919 87 88 86 89 92 90 85 91 93 84 83 94 95 82 81 264 263 265 269 267 266 262 274 272 261
920 89 88 90 91 87 86 92 85 93 84 94 95 96 83 82 81 268 267 270 269 265 266 264 263 262
921 91 92 93 90 89 88 94 87 86 95 85 84 83 82 81 272 268 269 267 265 264 270 266 276 263
922 90 93 92 91 89 94 88 95 87 86 96 97 99 98 101 84 83 82 81 268 267 272 263 270 260
923 93 91 92 94 95 90 96 89 97 98 99 100 88 101 87 86 83 482 82 268 262 148 293 104 255
924 94 93 92 95 91 96 90 88 89 97 98 99 100 101 83 102 82 265 264 267 268 266 87 263 262
925 93 94 95 92 91 96 90 89 97 98 99 100 101 102 82 103 88 293 294 295 148 150 261 683 557
926 93 94 95 97 92 96 98 99 91 90 100 89 101 102 103 295 294 698 699 86 87 84 88 85 517
927 94 95 93 99 96 98 100 97 92 90 91 101 89 103 293 267 294 102 685 684 692 686 106 107 88
928 95 96 98 99 94 97 100 93 92 101 102 90 103 91 150 561 107 684 685 558 89 559 759 153 680
929 98 97 96 99 95 94 93 100 92 101 102 103 91 104 107 688 684 682 685 681 680 686 687 557 559
930 99 100 98 97 96 95 101 94 93 92 91 102 103 105 104 700 107 106 108 460 150 109 110 682 683
931 99 100 98 102 101 97 96 95 91 92 94 93 103 460 105 104 107 106 459 150 151 108 109 157 682
932 100 102 99 98 101 97 103 95 94 96 104 105 93 106 107 108 682 88 90 681 462 89 459 87 223
933 102 103 101 100 99 105 104 98 106 107 97 108 94 96 110 93 109 95 111 114 112 113 151 152 223
934 102 101 103 104 100 105 99 106 107 98 97 108 96 95 110 109 111 112 113 116 151 563 90 83 91
935 103 104 105 106 102 101 107 100 108 99 98 110 109 97 111 112 116 113 455 453 454 152 151 452 117
936 105 104 103 106 102 107 100 101 108 99 109 110 98 97 113 111 96 112 116 114 117 197 452 525 523
937 105 106 107 104 108 103 102 101 110 100 109 111 98 99 97 96 112 95 116 113 114 117 120 129 121
938 105 107 106 104 108 103 102 109 101 110 111 99 113 116 115 112 96 98 114 100 97 117 120 121 449
939 107 109 108 111 106 110 105 104 112 113 114 102 103 115 116 101 99 100 98 97 117 708 120 118 121
940 109 107 108 111 110 113 112 114 105 106 104 115 102 103 101 100 118 117 116 482 570 119 122 99 572
941 109 110 108 111 107 112 106 113 104 105 114 102 103 101 115 116 99 100 118 117 135 120 569 207 573
942 110 111 109 108 112 113 107 106 114 105 115 102 103 104 116 101 100 118 117 119 134 135 120 133 208
943 111 110 112 109 113 114 107 108 106 115 116 105 118 104 102 103 101 100 117 120 119 126 139 123 144
944 112 111 110 113 114 115 109 116 106 108 107 118 105 117 100 103 101 102 119 120 143 144 145 139 142
945 113 114 112 116 115 117 111 118 110 109 107 108 106 105 104 119 121 120 129 141 575 140 103 143 574
946 114 115 113 116 112 117 110 118 111 109 107 108 105 104 119 121 103 120 143 129 144 137 141 122 575
947 112 113 116 114 115 111 119 110 118 107 109 108 117 106 121 120 143 105 141 145 137 101 122 575 123
948 117 116 118 115 114 120 113 119 112 111 107 110 108 109 121 122 123 106 143 144 134 105 124 141 126
949 118 121 117 115 120 116 119 114 112 113 110 122 111 108 123 136 579 578 193 194 137 147 134 510 236
950 119 118 117 121 120 122 116 115 114 113 123 112 109 108 111 110 107 106 124 104 193 192 195 137 136
951 120 119 121 122 118 123 117 116 115 124 114 113 125 147 148 150 149 195 193 194 136 143 192 112 142
952 121 120 123 118 122 119 124 117 116 125 148 145 149 144 126 142 147 194 195 143 138 193 205 207 239
953 121 122 120 124 123 125 118 119 116 148 145 149 126 139 146 150 143 194 147 154 195 196 205 235 391
954 123 124 122 121 125 126 127 120 129 128 148 150 149 153 147 151 111 494 158 495 194 200 496 732 523
955 124 125 123 122 126 121 127 128 129 120 130 148 150 149 140 146 151 152 153 119 154 158 176 157 494
956 125 126 123 124 129 128 127 122 130 140 151 153 154 150 152 146 149 178 148 177 179 176 158 147 121
957 127 128 125 129 130 126 131 132 124 140 142 154 123 153 151 178 150 135 152 149 148 177 176 179 147
958 127 128 129 130 125 131 126 132 133 134 135 136 137 141 140 142 155 154 151 153 152 150 164 178 149
959 128 129 130 127 131 132 125 133 126 134 135 136 140 141 144 137 145 142 146 155 154 148 165 152 153
960 130 131 132 133 129 128 134 135 127 136 126 137 140 142 141 145 144 146 148 125 143 149 147 150 151
961 131 132 130 133 134 135 129 136 139 138 128 127 137 142 141 145 146 143 148 144 147 152 166 165 151
962 132 133 131 134 135 130 136 129 137 138 128 127 140 148 145 143 146 139 142 141 144 147 152 166 154
963 133 132 135 134 131 136 130 137 139 129 138 128 142 143 140 145 144 146 150 153 152 141 148 147 127
964 134 135 133 136 137 132 131 139 130 138 140 129 128 142 141 143 144 145 148 146 150 154 153 147 166
965 135 136 138 134 133 137 132 139 140 141 143 142 144 147 146 145 148 153 150 149 154 152 151 155 131
966 136 137 135 134 133 138 132 139 140 130 141 143 144 146 142 148 145 153 154 147 129 128 155 150 171
967 138 139 137 135 136 140 141 143 142 144 145 130 134 146 150 149 151 154 147 153 155 148 152 156 167
968 139 140 138 137 141 136 135 134 143 142 144 145 132 133 146 154 150 130 149 131 151 152 147 128 129
969 140 141 139 142 143 144 146 145 138 137 136 150 151 153 154 134 135 131 155 147 152 148 192 193 194
970 141 142 140 143 144 139 145 146 138 147 137 136 154 150 132 134 155 131 153 192 152 194 193 151 148
971 142 143 141 140 144 146 145 139 147 138 136 150 154 137 155 151 134 148 133 152 153 135 132 149 191
972 143 144 142 145 140 141 146 148 139 152 150 147 149 138 151 153 136 137 154 134 155 135 156 133 132
973 145 144 143 142 141 146 140 139 148 147 149 150 154 153 137 134 136 155 152 138 135 151 133 156 132
974 145 147 146 148 143 151 144 150 142 149 141 140 153 152 154 139 155 136 134 137 138 132 156 131 175
975 147 146 144 148 149 145 150 143 142 151 152 153 141 154 140 139 138 155 137 136 156 134 135 133 173
976 148 149 147 146 145 150 151 143 152 144 153 154 141 140 138 139 155 156 134 135 157 158 164 133 172
977 149 150 151 148 153 152 147 146 154 145 155 144 143 156 139 142 140 138 178 179 180 141 164 135 134
978 150 151 149 148 152 147 153 146 145 154 155 144 156 143 139 140 142 138 141 137 136 172 157 166 173
979 151 152 150 153 149 148 147 154 155 146 156 157 144 140 143 145 141 138 137 139 158 159 136 165 172
980 152 153 151 154 150 155 148 149 147 156 158 157 159 146 144 141 166 140 145 143 165 174 167 180 136
981 153 152 155 154 156 151 157 150 158 149 148 159 146 166 165 160 147 176 177 174 168 167 173 144 137
982 154 155 153 152 156 158 157 159 150 151 149 160 144 166 146 148 165 167 169 171 147 137 170 143 168
983 156 157 155 158 154 159 153 152 151 150 160 165 164 161 171 146 168 144 145 167 162 163 147 138 170
984 157 156 158 155 159 154 153 152 160 151 150 167 166 168 145 164 161 162 163 171 146 149 148 144 165
985 158 159 157 160 161 162 156 163 155 154 152 153 150 164 151 149 172 174 173 145 144 768 146 175 767
986 159 160 161 158 162 163 157 156 164 153 155 152 154 151 150 135 167 413 149 176 138 538 143 818 747
987 161 160 162 164 163 159 152 150 153 165 158 414 157 176 769 178 415 770 765 509 820 816 508 767 764
988 161 162 159 163 160 158 164 157 156 150 152 155 509 816 812 510 511 817 820 508 814 815 539 417 813
989 162 163 161 164 160 158 159 157 156 165 166 155 153 148 149 154 147 175 152 417 807 816 176 812 143
990 163 162 161 164 160 159 158 157 152 139 156 166 155 165 176 153 540 763 175 738 764 528 150 812 739
991 165 163 164 167 166 162 161 160 168 159 169 151 155 154 149 148 158 150 153 156 140 146 157 145 142
992 166 165 167 168 164 162 169 161 163 171 170 152 153 160 155 154 151 191 150 187 186 192 149 190 181
993 167 168 166 165 162 169 164 170 171 172 173 163 155 153 161 156 158 154 157 150 146 148 202 151 145
994 168 169 167 171 170 173 172 174 166 175 165 178 156 155 153 151 152 183 150 204 187 191 185 194 193
995 169 170 171 168 173 172 174 177 176 175 167 163 187 204 203 162 142 205 191 145 143 206 139 186 188
996 171 170 172 174 173 169 168 176 175 177 178 162 179 163 161 180 187 142 206 203 205 191 183 204 182
997 172 171 173 174 175 170 169 176 168 177 178 162 179 161 163 167 204 140 146 187 154 180 142 139 210
998 173 174 172 175 171 176 170 169 168 177 178 186 161 163 167 162 159 158 146 160 145 165 149 144 157
999 174 175 173 172 171 176 177 170 178 168 169 179 162 163 166 159 161 149 150 160 180 147 154 148 192
1000 175 174 173 176 172 177 178 171 170 168 169 179 164 162 163 160 150 180 149 161 159 151 212 148 211
1001 176 177 175 174 179 173 178 172 183 180 181 184 171 182 185 170 168 169 186 187 188 164 162 152 157
1002 178 177 179 176 180 175 181 174 184 183 182 173 172 171 185 186 189 165 190 152 164 187 163 188 158
1003 179 178 180 181 177 176 182 173 186 174 183 175 184 185 187 188 189 171 166 165 164 153 190 159 152
1004 180 179 181 178 177 182 176 175 183 174 184 188 189 185 187 186 190 171 164 163 172 173 155 159 162
1005 181 182 180 183 179 184 185 178 187 176 177 186 188 189 190 191 192 175 164 163 165 167 154 174 160
1006 181 182 183 184 180 185 186 179 187 189 178 188 190 177 192 191 195 194 193 174 175 176 197 165 164
1007 183 184 185 186 187 182 188 181 189 190 191 192 180 179 195 193 194 175 176 178 169 170 167 168 171
1008 185 186 187 188 184 182 183 190 189 191 192 181 180 193 194 195 196 197 198 179 199 169 170 171 177
1009 186 185 184 187 189 188 190 183 182 191 192 181 195 193 197 194 198 199 180 200 170 172 169 171 168
1010 187 188 186 189 190 191 192 185 193 196 194 195 184 183 198 201 202 199 181 182 169 171 173 170 176
1011 188 190 189 187 191 186 192 193 185 195 194 197 196 198 199 201 202 183 184 173 171 172 170 169 177
1012 190 191 189 188 192 187 193 194 186 196 195 197 185 198 199 201 202 184 171 203 172 170 173 169 168
1013 191 192 189 193 190 194 188 187 195 186 197 196 198 185 199 201 200 202 184 173 172 171 203 170 183
1014 192 193 194 190 196 195 191 186 198 188 189 197 187 199 201 200 185 202 184 173 171 172 170 174 169
1015 193 194 195 196 192 191 197 198 189 190 188 187 199 186 185 200 201 202 184 203 204 150 172 171 175
1016 195 194 196 197 193 191 198 189 192 199 190 200 188 201 187 185 186 184 202 204 205 203 174 172 155
1017 196 195 197 194 198 199 193 200 191 189 192 201 202 186 190 187 188 204 184 205 203 210 207 206 176
1018 197 196 195 198 194 199 202 201 200 205 193 203 191 189 204 192 186 188 190 187 185 206 207 208 211
1019 198 199 197 202 203 196 200 201 195 190 192 194 193 191 189 188 206 207 205 187 186 185 208 209 204
1020 199 200 198 201 197 196 192 193 202 191 194 203 195 204 205 207 206 189 190 208 186 209 210 188 155
1021 200 201 198 199 197 196 202 195 203 194 205 193 204 192 207 206 191 208 209 210 188 211 187 212 155
1022 201 202 203 204 198 199 200 205 197 193 206 196 194 207 195 192 209 208 191 210 211 189 213 188 212
1023 202 203 200 201 199 204 198 205 197 193 194 210 192 209 206 207 208 196 195 191 211 213 212 190 189
1024 203 204 205 206 202 201 210 200 209 198 211 199 208 195 194 207 193 212 190 192 197 213 214 191 196
1025 204 205 206 203 202 201 209 200 207 199 208 210 212 194 195 211 198 193 197 214 192 196 217 219 220
1026 206 205 207 209 208 204 210 202 211 203 212 213 201 217 216 214 197 215 196 218 198 200 219 199 220
1027 207 208 206 209 210 214 215 213 198 205 216 212 211 217 199 204 200 197 219 201 196 203 218 202 182
1028 208 207 209 206 210 216 218 215 214 217 212 211 198 200 213 205 199 219 201 197 202 203 204 193 171
1029 209 210 211 206 207 212 208 217 200 219 199 216 205 201 202 214 215 203 213 204 198 194 197 971 156
1030 210 211 209 212 217 213 216 208 218 219 207 215 214 204 206 205 203 223 222 202 201 200 155 154 173
1031 212 213 211 210 220 214 217 219 216 221 222 218 204 223 205 215 206 208 207 209 224 203 183 184 225
1032 212 213 211 214 210 215 222 219 216 205 218 220 207 217 221 208 204 209 206 223 203 188 202 176 187
1033 215 216 217 211 214 213 210 218 219 212 223 220 221 222 204 209 206 208 205 225 187 203 141 178 224
1034 214 215 213 216 217 218 220 212 219 221 222 223 210 209 224 211 208 206 205 207 204 203 981 225 153
1035 215 216 214 217 218 219 220 210 213 209 211 208 221 207 212 223 222 206 224 205 204 203 189 154 202
1036 216 217 218 215 219 214 220 213 221 212 223 222 224 211 204 210 979 973 146 225 974 145 178 184 208
1037 217 218 216 219 215 220 214 221 223 222 212 213 224 225 211 210 178 179 148 177 154 208 976 147 408
1038 219 218 217 216 220 215 221 214 222 223 224 212 213 211 225 210 226 153 981 154 178 152 982 230 980
1039 220 219 221 218 217 222 216 223 224 215 214 213 225 212 226 211 227 151 154 153 230 980 982 155 231
1040 220 221 222 219 223 224 225 217 226 212 218 211 214 213 227 216 215 210 231 232 150 978 409 203 234
1041 222 221 220 223 224 219 225 217 212 226 216 211 227 218 214 213 215 210 232 231 234 204 208 205 233
1042 222 223 221 220 224 225 219 217 212 213 226 211 218 227 216 214 210 215 240 234 231 233 208 410 413
1043 224 225 226 227 223 222 221 211 220 228 212 219 235 230 237 414 413 213 205 217 517 238 240 239 516
1044 225 224 226 227 228 223 236 230 229 235 526 525 231 237 413 523 248 67 522 65 524 527 66 243 241
1045 226 227 225 224 230 231 236 235 228 237 232 233 223 229 58 59 526 247 889 888 245 60 248 525 893
1046 227 226 228 230 225 231 236 237 234 235 229 233 232 238 224 240 907 526 239 241 891 242 893 890 525
1047 227 228 226 229 230 225 231 236 235 237 234 224 238 233 232 890 60 61 247 526 241 245 76 246 77
1048 229 228 227 230 226 231 235 236 225 237 234 238 224 233 232 239 240 241 251 63 246 890 77 893 248
1049 232 231 233 227 235 230 237 226 236 228 234 225 239 238 229 240 241 244 246 212 248 890 898 247 249
1050 231 230 232 229 227 233 226 234 228 235 237 236 238 239 240 241 225 243 242 221 251 222 250 244 247
1051 232 231 233 230 234 235 237 238 226 227 236 228 229 239 240 242 241 225 244 251 248 253 246 222 247
1052 233 232 234 235 231 230 236 237 239 238 229 228 227 226 240 241 242 243 225 223 244 251 224 247 248
1053 238 237 235 239 236 231 233 232 234 230 240 228 241 227 242 243 226 229 244 222 225 245 250 248 221
1054 235 236 237 234 238 239 233 231 232 230 241 240 229 228 242 243 244 227 226 247 246 248 245 223 249
1055 236 235 238 237 239 241 240 231 234 242 233 243 230 232 244 227 245 246 226 251 248 247 249 252 250
1056 236 237 238 239 235 240 241 242 243 234 231 233 232 230 244 245 227 246 247 224 225 250 251 226 253
1057 237 238 239 240 236 235 241 242 243 244 234 233 232 231 245 246 247 248 249 225 250 227 224 251 226
1058 239 238 237 240 236 241 235 242 243 244 234 233 245 232 231 246 247 249 248 250 251 225 253 254 227
1059 239 240 241 237 238 243 236 242 244 245 235 246 247 234 233 248 250 249 251 252 253 254 231 256 232
1060 241 240 239 238 243 237 242 236 244 235 246 245 247 234 233 248 249 250 251 232 253 255 252 231 254
1061 242 241 243 244 240 245 239 238 246 237 247 248 236 249 235 250 251 253 252 234 254 256 255 257 258
1062 242 243 244 245 241 246 240 239 247 238 248 249 237 236 250 251 235 252 253 254 255 259 258 257 256
1063 244 243 242 245 241 246 240 239 247 238 248 237 249 236 235 250 251 252 254 253 255 234 262 261 231
1064 246 245 247 244 248 243 242 249 250 241 251 240 239 238 252 253 237 254 256 255 236 260 257 261 262
1065 246 247 248 245 244 243 250 249 251 242 241 252 240 253 239 254 238 255 257 256 237 258 236 235 260
1066 248 247 249 246 250 245 251 244 252 243 253 242 254 241 255 240 256 239 257 258 238 237 259 236 260
1067 249 248 250 247 246 251 253 252 245 244 254 243 255 256 242 257 241 240 258 239 238 237 262 259 260
1068 250 249 248 251 247 252 253 246 254 245 244 255 256 257 243 258 242 241 260 259 240 239 262 261 238
1069 251 250 252 253 249 248 254 247 255 256 246 257 258 245 259 244 243 242 241 260 261 263 264 262 240
1070 252 251 253 250 254 255 256 249 248 257 258 247 246 245 259 244 260 243 261 242 241 262 263 239 264
1071 253 254 252 255 256 250 257 251 258 249 259 248 260 247 261 246 245 244 243 263 262 264 242 267 265
1072 254 255 253 252 256 250 257 251 258 259 260 249 262 261 247 248 263 246 264 245 265 244 241 266 267
1073 255 256 254 257 253 258 252 259 251 250 260 261 249 262 263 248 264 247 246 245 265 244 266 268 243
1074 256 257 258 255 254 259 260 253 252 261 251 262 250 263 264 249 248 247 265 246 245 268 266 267 244
1075 257 256 258 255 259 254 260 261 253 262 252 263 251 250 264 265 249 266 247 248 267 246 268 245 242
1076 258 259 257 260 256 255 254 261 253 262 252 263 264 265 266 251 250 267 249 268 246 247 245 248 269
1077 259 260 258 261 257 262 263 256 255 264 254 253 252 265 251 266 250 267 268 249 247 269 245 248 246
1078 261 259 260 262 258 263 264 257 256 266 265 255 254 253 267 252 269 268 251 270 250 249 248 247 246
1079 262 261 263 260 259 264 258 265 266 257 256 267 255 268 254 269 253 270 252 271 250 251 272 247 249
1080 262 263 264 261 265 260 266 259 258 267 257 256 269 268 270 271 255 254 253 252 272 249 247 246 250
1081 264 263 265 266 262 267 261 260 259 258 268 269 270 257 271 256 254 255 272 252 253 273 251 248 249
1082 266 265 264 267 263 268 269 262 270 261 260 271 259 272 258 257 256 255 254 273 253 249 251 247 252
1083 267 269 270 268 266 271 265 264 263 262 272 261 273 260 259 274 275 255 258 257 256 253 249 254 251
1084 268 269 270 267 271 265 266 272 263 264 273 262 261 260 274 259 275 276 258 277 278 257 279 254 280
1085 269 268 270 267 271 265 266 272 278 264 277 263 273 275 274 279 280 262 276 281 261 260 284 282 283
1086 271 270 268 269 272 267 273 274 275 276 265 266 264 278 277 263 279 262 261 260 280 281 258 259 257
1087 272 271 270 273 269 268 274 267 275 276 277 278 266 265 279 264 263 262 261 281 280 283 259 258 284
1088 272 273 274 271 275 270 269 276 278 277 268 267 266 265 264 279 263 262 280 281 283 286 288 290 289
1089 274 273 276 275 277 272 278 270 271 269 268 279 281 280 267 266 265 264 263 291 288 292 283 293 286
1090 277 276 275 273 274 272 278 271 270 269 268 279 281 280 267 283 282 286 289 293 290 288 287 296 291
1091 277 278 276 275 281 274 282 272 279 283 271 270 280 273 284 269 286 268 285 287 289 288 290 267 292
1092 279 278 277 276 280 275 274 284 273 281 283 282 272 290 285 286 288 291 287 289 271 292 308 307 303
1093 280 279 278 277 276 281 275 282 284 283 292 288 286 290 289 285 287 291 294 271 273 293 302 308 295
1094 281 283 282 284 280 278 285 279 287 288 286 290 277 292 275 289 298 308 297 291 304 307 276 303 273
1095 282 281 280 283 285 284 287 288 278 286 292 279 290 298 308 297 303 289 291 300 277 296 294 307 299
1096 286 285 288 291 290 283 281 292 287 284 289 296 297 282 298 301 299 295 294 278 307 303 280 308 302
1097 284 288 289 286 291 285 292 296 293 283 294 287 290 297 295 298 299 310 301 282 281 306 280 307 302
1098 285 288 290 287 284 291 286 294 289 292 298 283 297 293 301 299 302 295 282 296 281 306 305 280 300
1099 292 291 283 288 293 285 284 287 294 286 290 289 295 300 281 282 299 302 301 296 280 297 305 298 307
1100 284 285 290 294 292 288 283 287 295 297 289 286 298 296 300 301 302 281 299 291 282 293 280 306 307
