686 127 128 131 130 133 129 132 126 604 605 125 134 85 90 92 91 124 121 603 122 602 123 83 95 93
687 130 133 128 131 127 129 126 132 604 605 134 125 90 124 135 85 92 91 123 602 83 603 93 95 94
688 127 637 130 128 133 131 129 126 132 604 125 605 134 124 123 85 135 92 602 91 95 83 601 603 94
689 638 127 130 637 128 133 129 131 126 604 125 132 605 134 90 124 85 92 122 123 121 95 602 91 601
690 639 638 130 133 128 127 129 131 637 132 126 125 604 134 605 124 85 90 123 92 83 135 603 602 95
691 640 639 638 127 128 637 130 129 131 133 126 604 132 125 605 122 134 124 121 85 90 602 123 601 603
692 641 640 639 638 133 127 128 131 130 637 129 126 604 132 125 605 134 124 123 85 91 92 602 603 135
693 642 641 640 639 638 637 131 130 127 128 129 133 126 604 605 125 132 124 134 123 121 122 603 602 120
694 643 642 641 640 639 638 637 128 130 127 131 129 133 126 604 605 132 125 134 124 123 91 85 602 93
695 644 643 642 641 640 639 638 637 127 130 129 131 128 133 126 132 604 605 134 125 124 122 603 95 123
696 645 644 643 642 641 640 639 638 637 133 130 131 129 128 127 132 126 604 605 134 125 135 95 602 124
697 646 645 644 642 643 641 640 639 638 637 127 130 131 133 128 129 132 126 604 605 134 125 95 124 135
698 647 646 645 644 643 642 641 640 639 638 637 131 133 130 128 129 127 132 604 605 126 134 125 85 603
699 648 647 646 645 644 643 642 641 640 639 638 637 131 130 127 128 133 129 126 605 604 125 132 134 85
700 649 648 647 646 645 644 643 642 641 640 639 638 637 131 130 128 133 129 127 126 604 605 125 132 134
701 650 649 648 647 646 645 644 643 642 641 640 639 638 637 130 131 128 133 127 129 604 126 605 125 132
702 650 651 649 648 647 646 645 644 643 642 641 640 639 638 637 131 130 128 129 133 127 604 605 126 132
703 650 652 651 649 648 647 646 645 644 643 642 641 640 639 638 637 133 130 131 127 128 129 604 605 126
704 650 651 652 653 649 648 647 646 645 644 643 642 641 640 639 638 637 131 127 130 133 128 129 604 605
705 651 650 652 654 653 649 648 647 646 645 644 643 642 641 640 639 638 637 131 133 127 130 128 129 126
706 650 652 651 653 654 649 655 648 647 646 645 644 643 642 641 640 639 638 637 127 133 131 128 130 604
707 656 651 653 652 650 654 649 655 648 647 646 645 644 643 642 641 640 639 638 637 131 130 127 128 133
708 656 653 651 654 652 657 650 649 655 648 647 646 645 644 643 642 641 640 639 638 637 131 127 130 128
709 656 654 652 653 657 658 651 650 649 655 648 647 646 645 644 643 642 641 640 639 638 637 127 130 128
710 659 658 656 654 653 657 652 651 650 649 655 648 647 646 645 644 643 642 641 640 639 638 637 131 130
711 659 660 656 654 657 658 653 652 650 651 649 655 648 647 646 645 644 643 642 641 640 639 638 637 127
712 659 660 654 656 661 658 657 653 652 650 651 655 649 648 647 646 645 644 643 642 641 640 639 638 637
713 659 660 656 654 661 658 657 653 662 652 655 650 651 649 648 647 646 645 644 643 642 641 640 639 638
714 659 660 656 654 663 661 657 658 662 653 655 651 652 650 649 648 647 646 645 644 643 642 641 640 639
715 659 660 664 654 663 661 656 657 658 662 653 652 655 651 650 649 648 646 647 645 644 643 642 640 641
716 659 664 665 660 663 656 654 662 661 657 658 653 655 652 650 651 649 648 647 646 645 644 643 642 640
717 659 660 666 664 665 661 656 657 654 663 662 658 652 655 653 651 650 649 648 647 646 645 644 643 642
718 660 661 659 657 666 662 663 667 655 664 654 665 656 652 658 651 653 650 649 648 647 646 645 644 643
719 661 660 657 667 668 666 662 663 665 664 659 655 658 652 653 651 649 650 656 654 648 647 646 645 644
720 668 667 666 669 661 663 662 665 658 660 664 657 655 653 652 651 659 650 649 656 654 648 647 646 644
721 668 667 669 670 666 658 664 665 663 662 659 656 657 660 653 650 651 661 654 649 652 655 648 647 646
722 659 660 668 669 657 661 667 670 658 656 666 664 654 662 671 665 663 652 651 655 650 653 649 648 647
723 661 668 669 670 662 667 663 657 660 666 671 664 665 672 655 652 659 653 651 658 656 654 650 649 648
724 670 671 668 669 659 667 664 672 666 673 658 660 665 663 656 662 657 654 653 661 652 651 650 655 649
725 661 671 662 660 657 670 663 668 672 665 666 667 669 674 664 673 659 655 653 652 654 656 658 651 650
726 659 671 672 670 668 675 658 667 669 674 660 673 666 665 656 664 663 654 661 662 653 655 657 652 650
727 674 662 673 675 666 663 676 668 672 667 661 658 664 665 670 671 669 660 657 655 656 653 659 654 652
728 660 661 657 674 662 675 673 663 676 668 655 666 667 665 664 677 669 672 658 670 671 656 652 659 653
729 659 656 660 658 657 675 674 677 676 669 668 664 666 663 678 665 661 671 667 673 662 670 672 654 655
730 658 676 659 677 664 675 678 665 666 663 668 679 667 669 662 674 671 670 656 661 672 657 673 660 653
731 658 676 677 663 669 678 667 665 675 666 670 664 679 668 662 680 671 674 661 657 672 673 660 656 659
732 677 658 678 676 668 669 663 681 671 667 679 666 675 670 680 664 665 662 661 674 672 657 673 660 659
733 676 677 678 663 665 666 669 667 664 658 659 668 681 679 662 670 680 675 671 661 682 674 660 657 673
734 679 678 677 682 680 681 659 676 663 683 664 660 669 665 666 675 668 667 658 662 670 671 661 674 672
735 681 680 679 684 678 682 659 663 683 660 666 677 667 676 665 669 668 675 662 670 658 671 674 661 656
736 660 661 662 659 663 664 684 685 657 679 682 681 680 665 683 667 658 678 676 666 668 656 677 675 669
737 663 664 662 661 666 668 669 685 670 658 677 678 671 660 674 659 673 686 682 665 684 681 683 656 680
738 687 664 659 666 663 678 662 669 677 658 671 668 670 674 661 673 657 656 660 682 685 686 684 653 681
739 662 663 666 687 685 688 658 684 664 665 682 686 681 683 659 667 678 680 676 677 679 669 675 660 668
740 663 666 664 669 668 685 681 670 678 676 677 671 658 687 657 656 689 674 673 659 665 684 688 686 682
741 667 685 666 684 686 682 687 688 663 669 681 689 683 670 674 690 679 678 675 680 676 677 672 671 659
742 666 663 684 689 667 691 682 669 678 661 675 676 677 679 683 668 681 674 680 658 670 659 672 660 657
743 667 664 685 684 676 678 669 682 688 666 681 677 661 668 687 663 683 662 670 690 680 686 665 679 689
744 688 685 690 667 691 684 689 687 686 669 681 683 682 676 678 677 679 666 680 665 692 675 670 693 674
745 663 662 666 681 664 682 680 676 679 683 665 677 684 678 669 667 685 675 670 661 689 688 687 691 686
746 663 689 662 658 664 657 660 661 691 695 688 684 687 659 685 690 666 682 681 680 669 692 665 676 683
747 669 663 674 662 693 664 677 661 678 671 657 659 673 687 688 666 690 658 670 660 691 689 668 696 692
748 663 666 661 664 662 689 691 696 657 660 693 695 694 670 669 677 678 668 674 673 671 652 649 697 686
749 662 661 663 660 668 677 689 691 693 698 657 664 669 681 659 665 670 696 690 687 685 666 697 683 682
750 663 666 662 661 660 664 698 699 686 690 657 678 665 676 691 677 679 681 692 687 688 697 685 693 682
751 687 690 692 685 27 26 24 30 28 25 29 663 664 699 674 675 678 31 676 688 681 679 661 23 686
1045 63 600 61 62 601 975 977 60 976 978 979 602 970 598 599 964 980 969 64 968 597 603 967 982 67
1046 970 600 62 972 969 63 601 978 61 971 60 975 974 977 596 976 64 979 602 597 964 968 966 967 973
1047 972 971 970 600 62 966 969 61 978 596 63 977 973 601 976 974 967 597 975 964 968 64 598 965 963
1048 970 596 969 600 971 972 62 966 601 597 965 967 63 599 968 973 61 964 977 598 976 978 975 980 974
1049 596 600 597 601 973 969 970 598 966 967 968 972 59 62 971 61 63 978 595 977 60 87 965 85 1
1050 600 967 966 968 598 971 969 972 596 970 597 977 599 63 973 89 84 85 90 975 61 62 64 976 964
1051 1 0 2 3 599 972 971 967 600 5 597 968 969 596 598 970 966 973 61 4 89 977 978 6 86
1052 0 1 3 2 4 5 596 7 971 972 598 970 969 967 600 968 597 57 973 89 599 966 8 59 58
1053 0 1 3 4 2 5 6 7 968 8 969 597 967 598 596 972 970 973 971 88 87 85 89 59 62
1054 1 2 0 3 5 4 6 7 9 10 8 968 969 11 599 596 970 86 597 598 85 972 12 973 971
1055 1 0 3 2 5 4 6 7 9 8 10 13 11 12 14 596 969 968 970 15 974 598 595 973 972
1056 0 1 3 2 5 4 6 7 8 9 10 11 12 13 14 15 969 970 596 598 595 968 597 974 972
1057 0 1 3 2 4 5 6 7 8 9 11 10 12 13 14 15 16 596 598 18 597 595 970 972 973
1058 2 0 1 4 3 5 6 7 8 9 10 11 14 15 13 16 12 17 18 19 597 598 595 596 20
1059 1 0 3 2 4 6 7 8 5 9 10 11 12 13 14 15 16 18 17 19 20 21 23 597 595
1060 1 2 5 0 3 4 6 7 8 10 9 11 12 13 14 15 16 17 18 19 20 21 22 23 595
1061 1 5 3 6 4 2 7 9 0 10 8 12 11 13 14 15 16 17 18 19 20 21 22 24 23
1062 7 6 8 3 9 0 5 11 13 12 1 10 4 2 14 15 16 17 18 19 21 20 22 23 24
1063 10 12 11 4 14 15 8 7 2 13 5 6 9 16 3 0 1 17 18 19 20 21 22 23 24
1064 12 11 9 13 8 10 16 15 17 14 3 5 18 4 7 6 19 1 0 2 20 21 22 23 24
1065 14 11 13 15 12 8 10 9 16 17 18 6 7 19 20 4 3 5 2 1 0 21 23 22 24
1066 16 15 17 11 13 18 14 12 10 19 20 9 21 8 5 23 6 7 4 22 3 2 0 24 1
1067 20 19 16 13 17 18 11 12 15 21 14 10 23 9 22 8 7 5 6 4 2 3 24 1 25
1068 20 19 15 14 13 18 23 21 17 16 22 11 12 24 10 9 25 7 6 26 4 5 3 1 8
1069 22 20 19 23 15 21 14 17 18 16 12 13 11 24 25 26 10 9 8 5 6 7 4 3 27
1070 22 21 23 19 24 25 26 18 20 17 16 14 15 28 27 13 12 11 10 9 6 7 8 3 5
1071 24 26 23 25 22 27 20 18 19 16 17 28 21 15 14 29 12 13 30 11 10 9 8 7 3
1072 27 26 28 24 25 21 23 20 30 29 19 18 17 31 22 16 32 15 14 12 13 10 11 9 8
1073 29 28 26 27 30 31 25 20 32 19 24 18 23 21 17 22 16 15 14 13 12 11 9 10 8
1074 28 29 30 31 27 32 22 19 18 17 21 24 25 26 23 33 16 15 14 34 20 13 12 9 10
1075 29 30 31 32 28 19 27 33 18 22 17 24 25 21 26 23 34 16 15 20 13 14 12 10 11
1076 31 32 30 33 20 19 22 17 34 18 35 21 16 24 25 23 15 14 26 27 36 37 13 28 29
1077 21 23 31 20 33 22 30 19 17 32 28 18 24 29 25 34 26 27 16 35 15 14 13 36 12
1078 23 22 21 24 20 25 19 27 34 33 18 28 30 31 29 26 17 35 32 16 36 15 14 13 12
1079 23 24 22 25 21 26 20 19 27 18 33 30 28 32 29 34 17 31 35 16 15 36 14 13 12
1080 23 27 21 28 33 30 32 29 31 34 17 36 14 37 70 748 71 954 956 26 24 953 25 957 41
1081 29 31 32 748 27 34 33 30 35 28 36 25 26 37 70 71 996 41 38 24 69 997 954 955 953
1082 30 27 32 28 31 33 26 29 746 749 34 747 25 748 35 37 36 38 24 39 953 958 41 615 91
1083 33 28 29 30 27 32 31 35 750 744 37 26 36 34 749 745 746 747 38 24 907 25 748 39 40
1084 32 29 30 749 34 33 35 31 748 27 746 26 28 747 750 745 36 39 25 37 41 744 24 902 131
1085 32 34 29 33 35 749 27 30 748 28 746 743 31 741 745 744 38 37 909 750 36 906 907 747 40
1086 29 34 33 32 30 749 38 750 36 747 31 35 37 28 741 27 743 744 748 42 745 40 910 43 39
1087 37 36 34 33 749 31 741 743 746 32 748 38 745 40 30 29 744 738 742 905 132 130 35 747 906
1088 33 34 32 30 38 749 36 748 745 37 739 746 743 31 35 908 744 741 742 29 738 907 750 39 906
1089 32 33 38 34 30 37 31 739 36 740 741 743 748 29 35 39 744 905 907 738 906 40 132 746 131
1090 32 33 30 34 31 29 37 750 35 742 905 906 743 36 748 738 914 741 912 744 130 39 746 132 131
1091 34 33 32 35 30 36 31 749 750 29 743 745 746 37 132 741 748 738 131 912 130 744 742 907 39
1092 34 33 32 35 36 30 750 739 132 37 743 31 29 912 737 745 39 130 741 740 906 746 747 911 736
1093 33 34 32 30 37 31 29 739 132 39 750 743 748 36 746 35 131 749 912 745 130 738 906 741 737
1094 35 33 32 34 30 36 739 31 37 750 746 132 912 747 740 39 130 745 741 737 29 749 906 41 744
1095 34 32 33 35 30 31 37 39 746 750 132 739 912 747 737 36 29 914 740 130 745 906 741 138 749
1096 34 32 33 36 35 31 30 37 39 739 912 29 746 750 132 737 740 745 747 741 130 41 40 743 749
1097 32 34 33 35 36 31 30 39 37 739 912 750 132 746 41 130 740 737 29 745 741 906 747 743 904
1098 32 33 30 34 743 912 31 29 35 132 739 37 748 36 41 740 744 130 908 737 741 745 131 749 738
1099 32 33 34 35 30 743 737 912 37 740 748 132 39 31 29 738 745 36 131 741 130 747 904 749 905
1100 32 33 30 34 35 36 31 132 131 748 912 29 750 737 745 37 130 741 39 740 914 747 41 911 904
