1408 804 803 802 809 801 795 808 790 793 800 798 813 806 791 794 814 807 799 792 797 805 796 719 720 705
1409 804 803 806 793 801 794 795 805 802 792 809 807 791 790 810 798 808 800 799 796 812 813 789 814 811
1410 804 799 801 807 805 800 806 798 808 802 809 803 796 811 813 794 810 797 793 812 795 792 789 790 814
1411 803 800 801 799 794 804 805 793 798 802 806 807 808 796 795 810 809 790 797 792 813 812 811 789 814
1412 799 803 800 801 804 802 798 807 806 805 796 794 810 808 793 809 797 795 811 813 812 791 814 792 790
1413 803 804 805 801 806 798 802 795 807 799 793 800 808 810 809 794 791 797 796 811 792 812 790 813 788
1414 803 800 804 805 802 801 797 799 798 796 806 794 793 795 807 791 809 808 811 792 810 788 812 790 787
1415 800 803 799 804 801 805 794 798 802 806 796 807 795 793 808 809 811 797 810 788 787 791 812 813 792
1416 802 804 800 801 799 803 798 796 806 805 807 795 794 808 793 809 812 797 810 811 813 792 814 790 791
1417 802 804 799 800 801 803 798 806 807 796 805 795 797 794 793 808 809 811 792 810 812 790 814 791 789
1418 796 793 794 798 795 797 800 799 792 791 802 801 803 790 804 788 805 789 806 807 808 786 811 787 810
1419 794 796 793 791 797 792 798 795 799 790 801 800 802 803 804 787 788 805 786 806 807 789 810 812 811
1420 794 793 795 791 796 798 797 792 789 799 800 788 803 790 802 801 786 804 787 806 805 807 782 808 784
1421 791 790 792 789 788 786 795 798 787 784 797 793 782 794 796 800 799 785 783 781 779 780 801 802 803
1422 791 790 795 788 789 792 787 797 798 786 784 783 794 796 800 785 793 782 799 781 780 801 779 802 803
1423 790 791 789 788 792 787 786 795 794 796 784 793 797 798 799 800 785 783 782 801 781 802 780 803 779
1424 790 792 789 791 786 794 787 788 793 795 796 784 797 798 799 801 800 782 802 785 783 803 781 780 805
1425 786 787 784 788 789 792 793 796 795 785 790 791 783 782 794 800 798 799 803 802 781 801 797 804 780
1426 786 785 784 787 783 788 782 789 781 792 790 793 795 780 794 791 796 799 798 797 800 778 801 803 779
1427 786 784 785 783 782 781 787 780 777 779 788 778 789 776 790 775 795 792 793 791 774 798 797 799 800
1428 784 783 785 786 782 781 780 778 777 779 787 776 775 788 789 774 790 793 792 795 773 791 800 794 798
1429 776 775 785 774 777 780 787 773 772 778 784 786 788 795 771 781 789 794 779 783 790 792 798 793 799
1430 776 775 785 774 780 777 784 787 786 778 781 779 783 773 788 782 795 789 794 790 792 798 793 796 771
1431 776 775 777 785 773 774 780 778 772 787 784 786 779 771 781 783 782 795 788 794 798 793 796 789 792
1432 776 775 777 773 774 772 780 778 785 771 784 779 787 781 786 783 770 769 782 795 788 798 794 793 796
1433 776 780 775 778 774 777 773 785 771 772 784 779 781 769 783 786 770 787 782 768 788 789 767 765 764
1434 774 776 775 773 771 777 772 780 778 770 785 779 784 781 787 769 786 783 782 768 788 767 765 764 789
1435 774 771 773 775 772 769 770 776 768 777 778 767 780 784 779 785 781 787 782 786 783 788 765 764 789
1436 774 775 773 770 771 776 769 777 772 780 778 768 785 784 781 779 767 786 787 783 782 788 789 764 766
1437 772 771 773 769 770 777 774 768 776 775 767 766 778 780 764 785 765 784 781 779 786 783 787 782 788
1438 770 771 769 772 773 767 768 777 774 775 776 766 778 765 780 764 785 784 781 779 786 783 782 787 788
1439 770 769 771 768 773 774 772 777 775 780 778 776 784 781 767 779 783 766 782 765 785 789 764 743 1385
1440 770 768 767 769 771 772 766 765 773 778 780 774 777 779 775 764 781 776 783 782 763 762 1385 1382 1389
1441 768 769 766 765 767 764 770 771 772 773 763 762 780 774 775 778 779 781 776 777 782 761 784 760 1350
1442 767 768 765 766 764 763 770 769 762 771 772 778 760 761 773 774 759 758 777 775 776 1348 1353 1349 1352
1443 766 768 767 765 763 769 762 764 770 771 761 772 778 773 760 774 777 759 775 758 776 1348 1352 1351 1356
1444 764 765 766 767 768 763 769 770 762 771 772 773 760 761 759 758 776 737 738 739 740 735 736 1360 741
1445 763 762 764 765 766 767 760 768 761 769 759 758 771 770 772 757 773 756 1355 1357 755 1356 1352 1351 1360
1446 762 760 761 763 764 765 759 758 766 767 768 757 756 755 769 770 754 771 753 1354 1353 1352 1355 1356 752
1447 760 762 761 759 764 763 758 765 757 766 767 768 756 755 754 1357 769 753 752 1355 1354 1356 1353 1351 1350
1448 759 761 760 762 758 757 763 764 756 755 765 754 766 767 768 753 752 750 751 749 748 747 1357 1363 1364
1449 760 759 758 761 762 763 764 755 756 765 757 754 766 753 751 752 750 767 749 744 745 747 748 1355 1357
1450 759 758 760 761 764 754 755 762 763 751 752 753 765 756 766 749 767 750 768 747 743 1361 1360 748 1364
1451 759 753 758 752 760 754 762 761 750 751 763 755 756 749 757 764 765 748 1364 1367 747 1363 766 1357 1356
1452 755 754 756 757 752 753 758 751 759 760 750 749 761 748 762 747 763 764 746 1366 1367 1363 744 765 1364
1453 752 753 754 751 750 749 748 758 747 759 755 760 746 756 745 744 761 764 757 743 762 763 1363 1367 1366
1454 753 752 751 754 750 749 748 747 758 746 759 755 745 762 756 760 761 744 757 763 743 742 1367 1368 1364
1455 753 752 751 750 754 749 748 747 758 746 755 745 744 759 756 743 742 760 762 761 757 741 1367 1368 1364
1456 752 751 749 750 748 753 754 747 746 745 744 755 743 756 742 757 758 759 741 1367 760 1368 740 1371 1370
1457 749 751 750 752 748 753 747 754 746 745 744 743 755 742 756 741 759 740 1368 1367 760 1370 1369 758 1371
1458 749 748 750 751 752 746 747 753 754 745 744 743 755 742 738 759 1373 1370 1371 1372 741 1368 1369 740 1367
1459 749 751 748 750 752 746 747 753 745 754 744 743 742 741 738 759 1371 1370 1368 740 1369 1372 1367 758 739
1460 748 749 746 750 751 745 747 752 743 744 742 753 741 754 740 734 738 735 739 733 1370 736 1369 1371 737
1461 746 748 745 749 747 750 743 744 751 742 752 741 740 753 738 739 735 734 733 736 737 754 732 1370 1373
1462 746 745 747 748 744 743 749 750 742 751 741 740 738 739 735 752 734 733 732 753 737 736 754 1373 1374
1463 743 744 745 742 747 748 741 740 746 738 739 749 735 737 734 736 733 750 751 1371 732 1374 1370 1373 1375
1464 743 744 745 742 741 740 747 746 738 748 739 737 735 749 736 734 733 750 732 730 731 1373 1374 729 751
1465 743 742 744 741 745 740 738 746 739 734 735 747 733 737 736 748 749 732 750 751 1374 1373 731 1375 1380
1466 743 742 741 738 740 737 734 745 739 735 744 733 736 746 732 731 730 747 1380 1379 729 1378 1374 1373 748
1467 741 740 742 738 739 737 743 735 736 744 734 745 733 732 730 746 729 1380 1379 731 728 1382 1381 727 1378
1468 740 739 741 742 737 738 736 743 735 744 734 733 745 732 730 729 725 731 1382 724 1380 1381 1379 728 727
1469 739 740 738 737 742 741 735 734 736 733 743 732 731 729 730 744 728 727 725 726 724 723 746 745 1381
1470 737 738 739 740 736 735 733 734 732 741 742 731 743 730 729 744 728 727 726 725 722 724 745 721 1379
1471 735 734 736 738 737 739 733 732 740 741 729 730 731 728 742 727 722 724 725 721 743 719 726 723 720
1472 734 736 735 737 733 738 739 732 731 730 740 729 728 727 741 726 724 725 722 742 721 719 723 743 718
1473 735 734 733 736 737 738 732 739 729 731 730 740 728 727 726 725 724 722 721 723 719 742 718 741 1386
1474 733 732 734 735 736 731 730 737 729 738 739 728 727 726 725 724 722 723 721 719 740 717 718 720 1385
1475 732 733 734 735 731 730 737 736 729 738 728 727 726 739 725 722 723 724 721 719 740 717 1385 718 720
1476 732 733 731 734 730 735 736 729 737 727 728 738 726 723 725 724 722 739 721 719 717 718 720 1390 1389
1477 732 733 731 730 734 735 729 736 737 728 727 726 738 725 723 724 721 722 719 717 739 718 720 1385 1386
1478 731 732 730 733 729 734 735 727 728 726 725 724 723 736 737 722 720 721 738 719 717 715 1390 1389 713
1479 730 729 731 732 727 728 733 726 734 735 725 724 736 723 720 722 737 721 719 717 738 713 715 1390 1389
1480 730 731 729 732 728 727 733 726 734 725 735 724 723 736 720 722 721 719 737 717 713 715 709 718 1390
1481 729 728 730 727 731 732 726 733 725 734 735 724 723 720 722 721 719 736 713 717 715 737 709 718 711
1482 729 730 728 727 726 731 732 725 733 724 734 723 735 720 722 721 719 736 717 713 737 1398 715 1389 1390
1483 728 727 726 729 730 725 731 732 724 733 723 734 735 722 720 721 719 736 717 1390 715 1389 718 1398 1399
1484 726 727 728 725 730 729 724 732 731 723 733 722 720 734 721 735 719 717 715 718 713 709 707 1389 1390
1485 726 727 728 725 729 730 724 731 723 732 720 722 733 734 721 719 735 717 715 718 713 736 714 709 716
1486 726 725 727 723 724 728 729 722 730 731 720 721 732 719 718 717 715 733 716 709 713 711 710 707 714
1487 725 726 724 727 723 728 729 730 731 732 720 722 733 721 734 719 717 735 715 713 718 709 708 714 707
1488 725 724 723 726 727 722 721 728 720 729 719 715 730 718 717 716 732 731 714 713 709 711 712 708 706
1489 724 723 722 725 721 720 726 719 727 718 717 728 716 715 729 713 714 731 730 711 732 709 712 708 710
1490 723 722 724 720 726 721 725 718 717 719 716 727 715 714 713 728 712 710 729 711 708 705 730 707 709
1491 723 722 724 721 720 719 718 725 716 717 715 714 713 711 727 726 709 712 705 707 708 706 703 710 704
1492 722 721 720 718 719 717 723 716 724 714 715 713 725 712 711 708 709 710 707 705 706 726 727 704 702
1493 721 720 719 722 717 718 716 715 723 714 713 724 712 711 725 708 709 707 705 704 710 703 706 726 727
1494 720 721 719 717 718 715 716 714 722 713 723 711 712 710 708 707 709 724 725 705 706 704 702 703 701
1495 720 719 721 718 716 715 722 717 714 723 713 711 724 712 725 708 709 705 704 707 710 703 706 702 726
1496 718 719 720 721 716 715 722 714 717 713 723 711 712 708 724 725 710 709 707 705 703 704 706 702 701
1497 718 719 716 717 715 720 721 714 713 712 722 711 710 723 708 709 707 705 724 725 704 706 703 702 701
1498 716 718 717 719 714 715 720 721 713 722 711 712 708 709 707 705 703 710 723 704 706 702 725 724 699
1499 716 715 718 720 719 714 713 721 717 712 711 708 710 707 704 705 722 709 703 723 702 706 699 701 700
1500 716 718 715 719 717 713 714 720 712 721 711 722 710 708 709 704 707 703 723 702 705 706 699 725 701
1501 715 716 714 718 717 719 720 712 713 721 711 710 709 708 705 707 704 722 703 706 702 723 701 699 700
1502 716 715 719 718 717 714 712 720 713 711 710 721 709 708 707 705 704 722 706 702 703 701 699 700 723
1503 715 714 716 719 717 718 713 720 712 710 711 721 708 705 704 707 703 709 702 706 701 699 722 723 700
1504 715 716 714 717 719 713 718 712 711 710 708 720 721 704 705 703 707 709 722 702 706 699 701 723 700
1505 715 717 716 718 719 713 714 712 710 711 720 708 704 705 707 703 709 702 721 706 701 699 722 723 700
1506 715 712 713 716 718 714 710 717 709 711 719 708 720 704 705 721 706 707 702 703 701 700 699 698 722
1507 716 715 713 717 714 710 712 718 719 708 711 704 705 703 709 707 720 706 702 721 699 701 700 697 696
1614 251 250 252 249 255 254 247 248 245 246 253 256 242 244 257 258 259 241 243 240 129 239 132 238 139
1615 252 250 249 254 247 251 245 255 253 248 256 246 257 244 258 259 240 243 241 132 239 242 145 139 220
1616 252 254 250 251 247 255 245 253 246 248 257 249 244 256 258 242 241 243 240 132 140 139 220 221 225
1617 254 250 252 253 248 251 258 246 255 247 245 249 256 244 259 257 260 262 263 261 243 141 140 142 135
1618 250 252 254 258 251 248 253 255 256 246 247 259 249 245 244 260 261 262 257 240 243 241 242 225 141
1619 249 252 250 247 254 253 256 255 248 251 245 246 244 241 242 240 243 132 134 239 135 231 137 228 140
1620 250 251 252 249 254 247 248 245 255 246 253 256 244 243 241 240 239 132 242 237 234 258 257 235 233
1621 251 249 250 248 252 245 246 255 254 247 244 256 243 242 253 241 240 239 129 132 140 139 232 234 137
1622 248 249 247 250 252 251 254 245 246 253 244 256 242 243 241 240 239 238 255 140 233 132 142 232 221
1623 250 251 246 248 244 252 245 242 249 243 254 253 247 241 256 240 239 255 129 140 139 128 138 137 225
1624 248 251 250 246 249 247 244 252 245 242 243 254 253 256 241 240 239 139 140 255 132 233 237 238 234
1625 248 250 249 247 251 245 252 246 254 253 244 242 243 255 256 240 241 239 238 140 139 234 233 138 129
1626 248 247 250 245 251 249 246 244 252 243 253 242 241 254 240 239 256 238 255 237 236 235 231 234 233
1627 247 245 249 244 248 246 250 251 243 252 242 241 253 240 239 254 237 238 255 235 129 132 143 234 139
1628 245 244 247 250 246 249 251 242 248 243 252 241 240 254 253 239 238 237 236 235 255 132 234 233 129
1629 244 245 246 247 250 242 251 249 248 243 241 240 239 253 238 254 255 237 235 234 252 233 139 232 132
1630 245 244 246 242 248 243 249 251 241 247 250 240 239 252 238 254 237 236 234 233 132 232 235 231 129
1631 244 245 246 242 243 248 241 239 240 247 251 250 249 238 252 237 236 234 233 129 232 128 134 132 231
1632 243 244 241 242 245 240 246 239 248 238 249 247 236 251 237 250 252 233 234 232 235 129 134 230 132
1633 243 242 244 241 245 240 239 246 237 247 236 238 249 250 248 129 234 132 233 232 231 230 225 134 128
1634 242 243 241 244 240 239 245 246 238 237 236 247 235 249 250 231 233 234 134 129 229 232 132 130 230
1635 241 242 243 240 239 244 245 238 246 237 236 235 247 234 129 250 231 249 233 251 230 128 232 132 229
1636 240 241 239 244 242 243 245 238 246 237 236 235 234 247 232 233 231 230 249 129 130 134 248 131 142
1637 240 239 241 242 238 237 243 236 244 245 235 246 231 234 232 233 248 230 229 132 142 130 141 134 129
1638 239 238 240 241 242 237 236 244 243 235 234 233 232 231 229 230 139 140 228 129 141 130 155 134 143
1639 239 237 238 236 240 235 241 234 243 233 242 232 231 230 229 228 129 132 244 134 118 130 128 127 139
1640 237 238 239 236 235 240 234 241 233 242 232 230 231 243 137 228 139 129 229 132 130 135 154 134 128
1641 237 238 239 236 235 234 240 241 232 233 242 231 230 229 153 154 243 228 149 129 137 128 150 118 132
1642 237 236 235 239 234 238 232 240 233 241 230 231 228 149 227 229 139 153 150 118 132 129 225 154 137
1643 237 236 238 234 235 239 233 232 231 240 230 228 229 149 227 132 129 137 130 154 128 153 134 226 117
1644 236 237 234 239 232 238 235 233 240 231 230 227 228 225 226 229 149 118 148 150 135 141 129 132 151
1645 234 235 236 237 238 239 232 233 231 230 227 229 228 226 225 148 149 129 126 151 128 125 127 141 137
1646 234 235 236 237 233 232 231 238 239 230 228 227 226 229 132 225 148 151 118 149 150 224 142 240 130
1647 234 232 235 231 236 233 237 230 229 238 228 227 132 226 225 148 149 147 151 141 152 224 142 129 117
1648 234 233 232 235 231 236 237 230 229 228 149 227 150 226 148 132 151 225 141 142 224 152 143 129 130
1649 233 232 235 236 234 237 230 228 229 231 150 227 225 149 151 226 132 148 239 224 147 141 126 142 240
1650 232 235 231 234 233 236 230 228 229 227 226 225 150 149 238 132 148 237 126 151 141 224 117 147 223
1651 231 232 230 229 235 234 233 228 227 225 226 150 148 149 141 224 151 144 147 238 117 237 132 223 114
1652 231 230 229 228 232 235 234 233 227 226 149 150 148 225 224 132 240 145 237 144 238 146 239 117 223
1653 230 229 228 227 232 233 226 234 231 225 224 223 222 148 221 149 150 132 147 144 243 220 146 117 141
1654 229 227 231 230 228 232 226 225 234 233 224 150 148 149 132 223 144 147 116 146 216 215 117 236 235
1655 229 230 228 227 231 226 225 232 224 233 148 132 149 223 147 234 235 222 144 236 146 237 215 142 238
1656 228 226 230 229 227 231 225 232 224 233 148 234 144 235 150 240 223 149 147 142 151 132 238 145 215
1657 226 227 225 228 230 229 224 231 132 234 218 144 232 240 223 151 235 114 141 126 142 215 222 237 146
1658 226 227 225 230 228 229 224 223 231 132 220 217 222 221 232 144 240 233 141 142 151 234 218 219 235
1659 226 224 227 225 229 228 230 223 144 132 142 232 231 235 233 234 150 141 240 151 203 214 145 246 237
1660 226 225 227 224 223 228 222 229 230 144 142 141 151 232 210 132 150 233 231 218 235 147 143 239 145
1661 224 227 225 226 223 228 222 221 230 142 151 210 229 144 233 234 232 209 235 126 231 236 213 215 237
1662 224 227 226 223 225 222 221 228 232 229 234 142 144 230 233 231 151 235 237 141 150 149 209 217 132
1663 223 224 222 221 220 227 226 225 219 218 144 228 142 232 234 216 230 126 235 203 229 217 213 231 214
1664 223 222 224 221 226 220 225 219 227 217 214 216 142 232 218 228 213 235 231 208 210 141 211 234 144
1665 222 221 223 224 225 226 220 219 227 228 210 142 234 216 215 232 208 211 212 218 230 207 123 231 233
1666 221 222 224 223 219 225 220 218 226 228 213 214 232 216 142 233 210 211 234 212 215 141 227 123 231
1667 221 222 223 219 220 224 218 217 216 229 227 228 210 213 211 206 230 226 141 205 212 231 233 208 139
1668 220 221 219 217 218 222 216 223 224 215 228 229 210 213 205 211 209 230 126 214 231 207 141 140 227
1669 219 220 218 217 221 216 222 223 224 215 227 212 228 210 211 229 213 214 230 231 144 139 226 138 146
1670 219 218 217 220 216 215 221 222 223 224 211 210 227 212 228 204 213 214 230 229 225 226 208 138 139
1671 218 217 219 216 215 220 214 221 222 223 224 211 210 228 208 123 213 212 209 206 226 138 151 132 229
1672 217 216 218 215 219 214 220 221 222 223 210 213 212 211 228 225 227 226 207 209 123 224 205 132 138
1673 216 217 215 218 214 219 213 220 221 222 223 210 226 132 141 225 208 212 207 211 227 224 209 137 123
1674 216 215 217 214 218 213 219 212 220 221 208 209 132 118 148 141 210 226 147 116 117 227 211 146 151
1675 215 211 213 216 214 212 217 218 219 220 209 208 210 207 201 132 117 226 202 206 225 116 203 141 130
1676 214 213 211 210 217 215 216 212 218 219 209 208 206 132 207 201 202 154 205 200 130 151 129 226 141
1677 211 210 212 213 214 209 215 216 217 218 132 207 206 205 208 203 204 130 227 129 202 150 153 230 228
1678 211 210 209 213 212 208 214 215 216 217 207 206 204 205 203 200 132 199 119 118 123 135 228 226 149
1679 211 210 209 208 212 213 214 215 216 207 205 206 204 132 202 129 201 130 227 203 228 230 226 149 231
1680 211 210 208 209 207 212 213 214 215 205 206 204 203 132 226 230 202 201 228 130 151 229 227 129 231
1681 211 209 208 210 207 212 213 214 206 205 202 204 203 224 223 226 228 201 231 153 132 197 227 150 222
1682 210 208 209 211 207 206 212 213 205 204 203 202 227 226 151 225 152 214 200 224 228 197 150 223 231
1683 208 210 209 207 211 206 205 212 203 204 202 227 132 200 226 123 199 151 225 224 213 223 149 146 147
1684 208 210 205 206 209 207 211 204 203 202 200 225 224 226 201 213 149 199 147 212 227 223 218 146 151
1685 208 207 204 209 205 210 206 203 202 225 224 199 223 149 132 213 211 198 145 231 212 197 230 152 201
1686 206 205 204 208 207 209 203 202 224 200 199 147 210 148 149 144 223 211 146 201 225 213 230 145 187
1687 205 204 206 207 208 203 202 209 210 199 211 213 223 200 198 144 193 151 148 145 201 147 212 216 197
1688 204 205 206 207 208 203 202 201 210 211 209 195 212 197 144 213 190 146 147 148 193 198 200 216 151
1689 203 204 202 205 206 207 200 201 197 211 196 195 212 119 209 199 208 198 210 126 213 144 120 122 123
1690 203 202 204 205 206 200 201 199 212 211 193 196 210 194 197 213 126 148 119 208 120 198 125 209 214
1691 202 203 204 205 200 201 199 198 212 210 211 193 194 208 119 195 144 196 187 216 209 197 147 123 145
1692 203 199 201 202 198 204 197 200 195 208 210 211 194 205 209 187 144 193 141 142 207 206 148 147 145
1693 202 203 201 198 200 199 197 210 196 205 194 207 206 204 208 195 187 190 192 193 209 189 148 147 130
1694 199 198 200 201 197 202 196 203 195 204 208 206 205 207 210 130 194 193 216 132 212 148 123 147 211
1695 198 197 199 195 196 200 201 202 203 208 204 207 206 205 179 193 194 209 130 188 190 192 211 141 180
1696 198 197 196 199 195 200 194 201 202 205 203 204 193 207 206 209 192 208 191 210 141 189 190 135 188
1697 197 196 195 199 198 194 200 193 202 203 204 206 201 208 207 210 211 212 205 209 213 192 152 139 138
1698 195 194 196 197 193 198 199 192 201 209 200 208 211 203 205 210 206 204 202 207 130 135 191 123 190
1699 194 196 193 195 192 197 198 191 199 203 202 200 201 135 206 189 208 138 207 210 137 205 190 209 211
1700 194 193 196 195 197 192 191 198 199 202 201 209 208 203 188 135 189 187 190 210 204 200 154 119 152
1701 194 193 195 196 192 190 191 197 201 198 202 188 207 206 209 200 205 203 208 189 187 135 123 204 132
1702 192 189 193 191 190 194 195 201 205 200 206 198 202 188 209 208 196 197 207 204 187 210 203 170 132
1703 190 189 192 188 193 194 191 195 196 124 200 206 201 199 204 197 202 198 203 209 208 207 205 170 120
1704 189 191 192 190 188 193 194 187 200 201 148 196 147 207 204 199 203 198 125 186 145 208 146 185 197
1705 188 189 187 190 186 192 191 193 203 200 194 146 204 197 198 196 129 202 147 145 199 195 170 206 142
1706 188 189 187 186 190 185 192 191 203 198 202 196 197 193 204 201 146 195 194 144 145 199 206 170 205
1707 188 186 187 185 189 184 190 183 191 202 201 204 203 145 142 192 200 144 205 143 196 141 197 118 198
1708 188 186 185 187 189 184 183 190 191 195 142 194 144 203 204 192 141 201 197 143 196 202 182 120 119
1709 186 185 188 184 187 189 183 182 203 142 141 202 192 201 143 190 193 191 118 195 200 120 119 181 196
1710 185 186 184 188 187 183 182 181 189 203 180 202 142 179 201 192 190 141 200 206 147 178 170 205 199
1711 184 185 183 186 182 187 181 188 195 192 201 141 189 202 190 142 139 137 180 200 197 193 140 170 160
1712 183 184 185 186 182 187 181 180 141 201 200 190 189 188 192 140 195 146 139 204 137 197 193 199 138
1713 182 181 183 180 185 179 184 186 189 176 160 200 199 178 161 190 187 144 170 126 156 177 195 135 145
1714 179 181 180 183 182 178 184 185 176 187 199 189 175 174 198 188 177 196 186 195 135 169 170 194 137
1715 180 179 181 178 177 182 183 176 174 175 195 173 135 156 154 172 194 171 170 168 137 167 169 185 165
1716 179 180 178 177 181 176 182 175 174 186 183 171 185 156 173 170 195 154 172 184 135 165 155 160 187
1717 178 179 177 180 176 175 181 182 174 173 171 172 152 170 154 135 183 164 153 156 130 165 155 169 201
1718 177 178 176 179 175 174 180 181 170 172 171 169 173 182 151 154 156 152 201 129 153 183 155 168 128
1719 176 177 175 178 179 174 173 171 172 170 169 151 181 183 184 185 152 168 150 182 154 127 164 163 155
1720 175 174 176 177 178 173 172 170 169 183 171 181 152 151 168 150 163 180 184 126 179 182 154 153 135
1721 174 175 173 176 177 172 178 171 170 169 151 168 152 150 181 129 154 153 182 186 135 167 179 126 149
1722 173 174 172 175 176 171 170 168 150 151 154 181 169 152 148 178 149 147 164 167 179 180 177 126 166
1723 172 173 171 174 170 175 168 169 178 152 177 150 176 181 151 146 179 180 147 148 153 166 145 167 165
1724 171 172 173 170 174 168 169 167 144 145 146 179 148 147 150 152 149 166 177 178 180 151 181 153 176
1725 170 171 169 172 168 173 167 166 148 144 147 146 150 145 149 143 179 141 161 154 206 152 127 132 160
1726 168 170 169 171 167 172 166 165 150 144 177 151 178 176 145 175 147 181 174 146 179 180 173 163 148
1727 168 167 170 171 169 166 165 164 144 149 174 150 145 142 146 175 143 147 151 176 148 173 347 172 157
1728 167 168 166 170 169 165 164 163 144 148 150 174 142 141 146 162 347 147 171 175 145 173 151 172 143
1729 166 165 167 163 164 168 162 169 150 159 160 147 142 149 151 141 161 158 156 155 148 157 144 153 154
1730 164 165 163 166 167 162 161 168 160 142 141 146 158 156 144 147 148 151 159 150 157 149 155 153 154
1731 164 163 162 161 165 160 166 167 145 147 146 148 159 141 158 142 144 152 156 150 149 154 157 153 151
1732 163 162 161 164 160 159 165 166 146 147 141 148 158 145 154 152 142 151 144 153 157 150 149 156 167
1733 161 160 162 163 159 164 158 157 165 166 152 154 141 147 153 148 145 156 151 146 155 150 142 144 149
1734 160 161 159 158 157 162 163 156 164 165 166 151 152 153 154 149 150 145 148 155 147 146 144 142 141
1735 159 160 158 157 161 156 162 155 163 164 153 152 151 154 142 150 166 146 147 149 165 145 141 148 144
1736 158 157 159 156 155 160 161 154 162 163 151 152 150 153 149 145 146 142 141 148 144 164 143 147 138
1737 157 156 158 155 159 154 153 160 161 152 150 151 149 142 162 148 147 144 146 141 143 165 164 145 163
1738 156 157 155 154 158 153 152 159 160 161 151 150 162 146 149 144 147 148 142 145 163 143 164 141 132
1739 154 155 153 156 152 157 151 158 159 160 150 161 146 149 144 148 147 145 141 142 162 138 137 139 163
1740 154 153 152 155 151 156 150 157 158 159 160 146 149 148 145 147 144 141 143 162 142 161 163 135 137
1741 152 153 151 154 150 155 149 156 157 158 143 145 142 148 144 146 147 141 159 137 160 135 164 161 132
1742 152 151 150 153 149 154 148 155 156 157 145 141 147 142 143 144 146 158 159 126 160 137 135 133 138
1743 150 151 152 149 153 154 148 147 141 143 142 144 145 132 146 155 156 126 125 157 129 160 158 161 128
1744 149 150 148 151 147 152 153 146 145 144 143 142 141 154 132 130 155 156 127 128 126 129 157 137 123
1745 148 149 147 146 150 145 151 152 144 142 143 141 132 153 155 156 154 129 130 140 126 138 135 123 157
1746 147 148 146 149 145 150 144 143 151 142 141 152 153 132 154 156 155 126 123 157 158 140 125 129 122
1747 146 147 145 148 144 149 143 142 150 141 151 152 153 132 155 154 140 156 139 126 138 130 137 158 157
1748 145 144 146 143 147 142 148 149 141 151 150 152 153 154 132 155 156 126 135 140 139 137 123 138 157
1749 144 145 143 142 141 147 146 148 140 150 151 149 153 152 154 132 123 126 155 156 135 134 118 137 157
1750 143 144 142 141 145 146 140 139 150 148 149 147 151 132 152 153 137 161 154 160 156 158 138 126 123
1751 141 143 142 144 145 140 146 139 138 150 149 148 147 151 153 152 156 132 155 157 123 126 158 160 159
1752 141 140 143 139 142 138 144 137 136 133 135 145 134 150 151 149 148 147 146 132 126 131 130 129 128
1753 140 139 141 138 137 142 143 136 135 134 144 133 148 132 147 146 131 145 150 126 149 125 123 130 122
1754 139 138 140 137 141 136 135 142 134 133 143 132 148 149 145 147 150 144 146 131 130 123 125 153 122
1755 137 138 139 136 140 135 141 134 133 132 142 131 144 130 149 143 153 145 147 146 148 123 125 151 150
1756 136 137 135 138 134 139 140 133 141 132 131 142 144 143 145 146 149 150 130 118 147 153 123 154 151
1757 135 137 136 138 139 140 133 132 134 131 141 144 142 130 143 145 146 129 123 147 150 126 151 152 149
1758 134 136 135 137 133 138 139 132 140 131 130 144 142 141 143 145 148 147 152 151 146 123 150 153 126
1759 133 132 134 136 131 135 137 130 129 127 128 139 138 140 141 142 144 143 152 151 122 150 149 145 148
1760 132 134 130 131 129 128 133 135 127 136 141 140 144 143 142 138 137 151 145 148 139 150 149 147 146
1761 131 132 133 134 130 128 135 129 136 127 137 138 140 126 139 144 141 142 143 125 145 147 123 152 148
1762 131 130 132 133 129 134 128 127 136 126 135 138 139 125 137 123 122 140 121 141 144 124 142 143 151
1763 129 130 128 132 131 127 133 126 134 125 135 138 136 137 123 124 122 121 139 140 141 142 144 149 143
1764 128 129 130 127 126 131 132 125 133 124 122 123 134 135 137 138 121 136 118 141 142 117 144 139 148
1765 128 126 127 125 124 129 123 130 122 132 131 121 120 135 133 118 136 134 117 142 119 138 141 148 150
1766 126 125 124 123 122 127 128 121 129 120 130 119 118 117 135 147 144 116 151 148 131 138 150 132 141
1767 125 124 126 123 122 121 127 120 128 119 118 129 117 116 115 130 132 142 135 152 151 131 150 147 133
1768 124 125 123 122 126 121 120 127 119 128 118 116 117 129 115 132 130 147 135 131 150 151 152 113 148
1769 123 119 118 125 126 116 124 120 130 121 122 134 132 129 115 150 128 117 131 140 139 144 127 142 149
1770 121 123 124 122 119 120 125 126 118 127 116 117 115 128 129 132 113 114 149 135 130 131 142 344 112
1771 121 120 122 123 119 124 125 118 126 116 117 115 127 113 114 128 142 129 150 141 144 130 132 143 151
1772 121 123 122 119 120 124 118 125 126 116 115 117 127 113 114 128 132 142 150 112 129 141 149 151 144
1773 118 119 117 120 121 122 116 123 115 124 125 114 126 113 127 135 129 132 112 128 111 144 140 142 204
1774 118 117 119 116 120 121 115 122 123 114 113 124 112 125 126 111 127 132 129 135 138 130 142 339 140
1775 118 116 117 119 120 115 121 114 122 113 123 112 124 111 125 135 129 138 139 140 142 213 130 214 339
1776 116 115 117 118 119 120 121 114 113 122 123 112 111 124 125 127 135 132 138 137 139 142 213 206 140
1777 115 113 114 116 118 117 112 119 120 121 111 122 123 124 110 109 108 125 106 107 103 132 105 135 104
1778 114 113 115 116 112 117 118 111 119 121 120 110 109 108 106 107 105 102 104 103 135 137 122 136 123
1779 113 114 112 115 111 116 117 118 119 110 120 109 108 106 121 107 102 105 104 103 101 135 136 137 138
1780 113 115 111 114 112 116 117 118 110 119 108 109 106 107 105 103 102 104 120 101 100 121 333 334 123
1781 111 109 112 113 110 108 115 114 116 106 117 107 118 105 102 119 104 103 101 100 98 97 99 213 120
1782 109 110 106 107 108 111 112 105 113 103 102 114 115 104 116 117 101 118 100 99 98 97 96 125 123
1783 106 107 109 105 108 103 110 111 102 112 104 113 101 114 115 98 100 99 116 97 117 96 118 123 125
1784 106 107 105 103 102 109 104 108 110 101 112 111 100 113 99 114 115 98 97 116 117 123 119 127 120
1785 106 104 109 103 108 105 107 102 111 110 112 101 113 114 99 115 97 116 100 96 98 95 118 120 121
1786 106 109 107 105 104 108 103 102 111 110 112 101 99 100 98 113 97 114 96 115 95 94 116 119 120
1787 106 103 105 109 107 108 104 102 110 101 111 112 99 98 100 97 114 113 96 95 94 93 92 119 118
1788 102 106 105 103 107 109 108 104 101 110 99 100 97 111 98 112 96 114 113 95 94 118 117 115 119
1789 103 102 106 105 101 99 109 108 100 107 98 97 104 110 96 111 95 112 94 113 92 117 116 119 329
1790 102 103 106 99 101 105 98 107 100 104 97 96 108 109 95 110 94 92 93 111 112 91 90 113 89
1791 101 102 103 104 100 98 99 97 105 106 107 96 95 108 109 94 110 93 92 111 91 90 112 203 119
1792 96 102 103 99 97 106 105 98 101 95 104 107 94 100 108 109 93 110 92 90 91 89 140 204 202
1793 97 101 102 103 104 100 99 98 106 96 105 107 95 108 109 94 110 93 92 91 90 89 88 129 114
1794 96 98 95 97 94 99 100 101 93 104 92 102 106 105 103 91 107 108 88 90 89 109 114 120 140
1795 95 97 96 94 99 98 100 93 101 102 92 104 103 91 106 90 105 89 88 120 119 129 121 128 218
1796 94 96 95 99 93 100 102 92 98 97 101 106 103 105 104 91 90 89 88 84 120 121 119 118 218
1797 94 93 95 96 99 98 97 101 102 103 92 100 104 91 90 105 88 89 87 119 84 112 120 118 114
1798 95 94 93 98 99 96 92 97 101 91 100 90 102 104 103 89 88 87 84 81 105 118 119 116 114
1799 95 96 94 97 98 93 99 91 92 90 101 100 88 89 102 103 104 86 85 87 84 83 112 115 114
1800 96 93 92 94 95 99 97 98 101 102 100 90 91 89 88 87 85 84 83 118 86 117 105 116 103
1801 94 96 92 93 95 97 99 91 100 98 90 101 102 88 89 87 86 85 84 82 83 105 216 116 112
1802 93 94 96 92 95 97 99 91 88 98 89 101 90 100 87 85 86 82 84 83 116 114 112 216 124
1803 92 93 94 91 96 95 88 97 89 101 98 90 102 99 100 87 86 85 84 82 83 81 222 328 220
1804 92 91 93 94 90 89 88 95 96 97 99 98 87 86 84 85 82 80 83 81 113 112 120 111 213
1805 90 89 88 86 82 87 91 94 85 96 95 92 81 80 83 97 84 98 99 93 78 79 77 70 74
1806 90 89 88 91 93 92 86 85 87 94 95 84 96 82 83 98 99 97 80 81 113 112 221 117 118
1807 88 89 90 93 84 91 85 87 86 82 95 92 81 83 94 75 96 97 80 78 79 98 111 105 112
1808 88 84 83 87 81 82 85 90 86 89 94 91 80 96 95 93 73 97 79 92 98 78 76 77 111
1809 88 87 82 89 81 95 84 93 90 86 94 97 85 91 98 83 96 92 80 79 77 75 78 76 111
1810 86 87 85 88 84 83 89 82 80 90 79 78 70 77 81 91 92 93 74 95 72 94 75 73 76
1811 85 84 82 88 81 86 87 90 89 74 91 68 69 71 72 75 73 70 83 67 95 79 65 77 93
1812 86 82 83 85 80 87 81 84 78 79 77 88 76 89 68 90 75 91 74 67 72 92 73 93 71
1813 82 81 80 85 83 88 86 70 79 78 84 87 77 76 75 74 69 71 73 72 89 90 91 94 93
1814 82 81 80 83 70 74 72 75 77 69 79 73 78 88 84 71 86 67 85 76 87 90 89 94 95
1815 82 81 83 74 79 80 75 73 68 72 70 66 77 71 67 78 65 76 69 86 84 87 88 85 90
1816 81 82 74 80 79 75 83 77 73 72 78 66 65 71 67 76 69 68 70 86 84 85 88 87 90
1817 81 82 75 73 74 71 70 72 80 68 69 65 79 66 76 67 78 64 77 62 60 87 83 85 84
1818 81 82 75 70 73 72 69 74 71 68 65 67 66 80 64 79 62 63 57 76 61 58 77 78 59
1819 81 74 82 70 72 73 66 71 69 62 75 64 68 63 61 65 67 77 83 78 76 79 80 86 88
1820 81 82 74 75 72 73 70 71 69 67 66 68 61 62 63 64 65 83 77 76 56 78 55 53 58
1821 81 82 71 74 69 72 73 70 62 67 75 61 66 68 64 65 79 80 77 63 78 56 58 83 76
1822 81 82 74 75 73 72 69 67 64 56 68 70 66 71 80 61 79 77 62 58 55 65 76 63 78
1823 81 82 70 68 71 69 65 74 72 67 75 66 73 64 53 62 83 55 61 80 56 57 76 58 77
1824 81 82 70 74 68 65 69 71 75 57 67 66 61 72 73 55 62 53 64 58 56 63 80 54 59
1825 81 75 73 82 72 74 70 71 53 67 66 69 68 55 61 64 57 62 58 63 65 56 54 79 80
1826 72 70 81 82 68 69 75 74 71 73 66 61 65 67 62 64 63 80 58 79 57 77 59 76 78
1827 82 75 70 72 73 74 69 68 80 81 71 79 56 66 62 67 65 55 78 64 63 76 61 57 58
1828 81 75 70 73 82 72 71 74 69 68 67 80 54 66 55 79 65 78 56 62 63 76 64 58 57
1829 81 70 75 72 73 82 71 68 74 69 55 57 80 67 54 65 66 58 78 56 76 79 62 63 61
1830 75 70 79 73 72 74 81 71 78 82 69 77 68 66 58 67 62 80 57 64 53 76 61 55 63
1831 74 75 70 73 72 66 63 68 71 64 79 62 69 67 61 82 81 77 65 78 58 56 80 76 59
1832 75 74 70 73 71 72 66 69 64 63 67 68 77 79 62 78 65 58 61 81 82 56 59 76 57
1833 75 74 73 63 77 70 61 64 69 71 65 66 67 56 68 72 78 62 81 79 58 55 57 59 60
1834 75 74 73 77 56 58 70 64 71 63 61 66 59 55 57 62 67 65 54 68 72 69 78 81 76
1835 76 74 75 78 70 73 71 72 69 77 68 64 58 61 79 65 56 80 63 66 53 67 57 59 81
1836 74 75 76 73 70 63 56 78 67 80 69 72 71 61 65 58 77 68 64 55 57 66 53 59 62
1837 75 74 76 73 70 71 63 72 67 79 64 58 61 69 56 65 57 68 78 77 66 62 80 59 53
1838 73 72 74 70 71 75 63 66 69 64 62 67 68 65 76 61 57 56 59 81 55 58 77 78 54
1839 72 73 71 70 68 74 69 67 66 65 64 63 62 61 75 76 56 58 81 55 59 78 57 77 60
1840 70 69 72 68 71 66 67 73 65 74 64 61 63 62 75 58 81 82 76 59 60 80 79 78 77
1841 70 69 68 72 71 67 66 73 74 65 62 75 64 63 61 58 81 57 56 76 59 82 60 79 80
1842 70 71 69 68 66 67 65 72 73 74 63 64 75 61 76 62 81 59 77 60 78 80 79 82 56
1843 65 68 66 67 70 71 69 64 73 74 61 72 62 63 59 76 77 81 78 75 79 82 60 80 56
1844 72 68 70 71 74 64 69 73 61 67 77 59 78 63 65 76 66 79 82 58 75 57 62 80 81
1845 71 70 68 66 69 72 74 73 64 61 65 67 63 62 75 76 59 77 79 80 57 60 82 78 81
1846 70 72 71 69 68 62 67 74 65 66 64 73 61 76 63 75 77 57 80 78 60 79 81 82 56
1847 70 72 68 63 69 71 65 74 67 66 75 73 76 64 80 79 82 77 78 81 84 86 83 87 89
1848 64 70 68 71 69 67 74 72 66 65 73 75 80 76 79 82 77 78 81 84 86 83 85 63 61
3861 2506 2520 2518 2513 2507 2511 2510 2517 2522 2503 2515 2509 2514 2516 2523 2524 2519 2512 2525 2505 2500 2521 2497 2508 2501
3862 2514 2511 2516 2518 2515 2513 2517 2507 2509 2512 2510 2506 2503 2520 2508 2524 2523 2504 2505 2525 2522 2495 2521 2519 2502
3863 2518 2520 2516 2514 2521 2511 2517 2519 2507 2513 2510 2523 2515 2509 2512 2506 2524 2522 2525 2503 2505 2508 2504 2495 2497
3864 2514 2516 2515 2509 2518 2513 2519 2517 2522 2508 2510 2511 2507 2512 2524 2520 2521 2525 2506 2505 2504 2503 2500 2523 2501
3865 2511 2516 2509 2517 2514 2515 2519 2520 2507 2510 2513 2518 2508 2505 2521 2524 2522 2504 2523 2526 2506 2500 2498 2512 2503
3866 2516 2515 2511 2517 2514 2519 2520 2513 2518 2509 2507 2508 2524 2522 2510 2505 2512 2521 2504 2526 2525 2500 2523 2503 2498
3867 2518 2516 2524 2519 2520 2522 2521 2515 2514 2517 2523 2511 2510 2512 2525 2513 2507 2526 2508 2509 2528 2506 2505 2500 2503
3868 2525 2526 2529 2527 2516 2520 2519 2521 2517 2524 2518 2528 2530 2522 2514 2515 2510 2513 2523 2511 2512 2507 2509 2508 2531
3869 2517 2526 2524 2528 2518 2527 2519 2525 2530 2531 2529 2522 2511 2510 2520 2509 2514 2513 2521 2515 2523 2516 2532 2503 2533
3870 2525 2526 2524 2521 2517 2522 2529 2527 2518 2515 2519 2516 2520 2530 2523 2528 2531 2510 2509 2513 2507 2508 2511 2514 2532
