004496 001911 1
004408 001815 1
004424 001838 1
004548 001968 1
004197 000928 1
004412 001822 1
004232 000967 1
004261 001018 1
004496 001913 1
004419 001831 1
004455 001871 1
004455 001870 1
004480 001895 1
004451 001867 1
004555 001974 1
004249 000991 1
004444 001859 1
004533 001950 1
004400 001804 1
004536 001954 1
004262 001016 1
004262 001013 1
004401 001808 1
004416 001827 1
004603 003365 1
004479 001897 1
004489 001907 1
004478 001896 1
004200 000932 1
004265 001023 1
004428 001843 1
004264 001025 1
004404 001813 1
004559 001979 1
004617 003344 1
004472 001889 1
004269 001036 1
004193 000920 1
004520 001938 1
004500 001918 1
004576 003412 1
004245 000981 1
004424 001837 1
004235 000974 1
004507 001923 1
004469 001887 1
004524 001942 1
004228 000961 1
004207 000937 1
004423 001839 1
004422 001838 1
004404 001811 1
004428 001844 1
004555 001973 1
004588 003388 1
004407 001818 1
004244 000981 1
004410 001818 1
004268 001033 1
004439 001853 1
004580 003406 1
004464 001879 1
004194 000922 1
004399 001801 1
004578 003408 1
004220 000951 1
004257 001004 1
004483 001901 1
004550 001971 1
004215 000947 1
004608 003359 1
004220 000955 1
004564 001989 1
004488 001906 1
004522 001940 1
004240 000977 1
004493 001912 1
004596 003375 1
004266 001031 1
004225 000960 1
004211 000942 1
004238 000975 1
004257 001002 1
004451 001868 1
004516 001933 1
004268 001027 1
004555 001976 1
004202 000930 1
004538 001955 1
004506 001922 1
004547 001966 1
004523 001940 1
004540 001960 1
004430 001846 1
004197 000924 1
004540 001956 1
004542 001962 1
004525 001941 1
004410 001822 1
004219 000949 1
004485 001903 1
004456 001873 1
004459 001874 1
004505 001923 1
004568 001996 1
004451 001866 1
004433 001846 1
004443 001859 1
004255 000997 1
004577 003412 1
004461 001876 1
004458 001873 1
004598 003372 1
004269 001029 1
004510 001927 1
004199 000932 1
004599 003374 1
004195 000928 1
004264 001018 1
004570 002000 1
004534 001953 1
004267 001024 1
004219 000952 1
004428 001842 1
004502 001919 1
004557 001980 1
004246 000987 1
004494 001913 1
004195 000923 1
004596 003377 1
004226 000962 1
004225 000958 1
004200 000930 1
004409 001819 1
004422 001836 1
004568 001994 1
004218 000951 1
004569 002000 1
004402 001808 1
004544 001961 1
004239 000975 1
004476 001893 1
004237 000972 1
004499 001917 1
004605 003366 1
004213 000947 1
004590 003383 1
004584 003397 1
004617 003345 1
004423 001836 1
004259 001006 1
004552 001970 1
004253 001000 1
004397 001801 1
004407 001815 1
004237 000975 1
004485 001900 1
004500 001915 1
004609 003358 1
004609 003357 1
004408 001818 1
004417 001829 1
004423 001838 1
004482 001898 1
004536 001956 1
004223 000955 1
004578 003406 1
004396 001794 1
004411 001825 1
004489 001905 1
004497 001915 1
004469 001885 1
004421 001837 1
004191 000923 1
004570 002001 1
004469 001886 1
004407 001817 1
004243 000983 1
004502 001918 1
004531 001949 1
004609 003360 1
004251 000994 1
004232 000965 1
004512 001931 1
004211 000940 1
004582 003403 1
004527 001943 1
004249 000987 1
004396 001796 1
004441 001857 1
004500 001916 1
004263 001022 1
004405 001813 1
004493 001909 1
004204 000934 1
004494 001909 1
004526 001945 1
004499 001916 1
004207 000935 1
004598 003373 1
004455 001872 1
004267 001028 1
004406 001814 1
004604 003364 1
004236 000973 1
004244 000980 1
004415 001830 1
004614 003350 1
004529 001947 1
004560 001986 1
004445 001859 1
004238 000978 1
004411 001822 1
004199 000928 1
004243 000979 1
004229 000966 1
004454 001871 1
004238 000972 1
004241 000978 1
004601 003371 1
004242 000979 1
004398 001800 1
004613 003353 1
004539 001959 1
004566 001991 1
004433 001848 1
004424 001836 1
004516 001934 1
004426 001839 1
004210 000941 1
004266 001021 1
004220 000953 1
004402 001805 1
004587 003391 1
004527 001945 1
004250 000994 1
004252 000998 1
004464 001880 1
004425 001840 1
004255 000996 1
004405 001811 1
004480 001897 1
004412 001825 1
004192 000922 1
004244 000984 1
004566 001994 1
004432 001846 1
004234 000972 1
004225 000957 1
004615 003350 1
004426 001841 1
004515 001934 1
004205 000931 1
004581 003406 1
004400 001805 1
004447 001864 1
004230 000965 1
004472 001887 1
004454 001868 1
004588 003389 1
004408 001819 1
004244 000982 1
004218 000948 1
004248 000990 1
004216 000947 1
004418 001831 1
004447 001861 1
004505 001922 1
004254 000995 1
004261 001017 1
004466 001881 1
004195 000927 1
004225 000959 1
004563 001985 1
004426 001842 1
004205 000938 1
004249 000989 1
004456 001871 1
004611 003357 1
004587 003390 1
004490 001905 1
004537 001956 1
004401 001803 1
004414 001828 1
004249 000988 1
004399 001806 1
004268 001028 1
004251 000993 1
004483 001900 1
004604 003366 1
004507 001924 1
004561 001983 1
004541 001960 1
004197 000925 1
004198 000924 1
004597 003375 1
004546 001967 1
004592 003380 1
004563 001989 1
004474 001891 1
004549 001970 1
004266 001020 1
004561 001981 1
004242 000978 1
004238 000974 1
004521 001940 1
004409 001822 1
004550 001969 1
004460 001876 1
004589 003386 1
004221 000953 1
004269 001032 1
004236 000975 1
004559 001983 1
004577 003407 1
004481 001896 1
004465 001881 1
004265 001028 1
004470 001887 1
004468 001885 1
004584 003396 1
004403 001812 1
004236 000974 1
004461 001878 1
004535 001951 1
004215 000943 1
004428 001841 1
004431 001847 1
004588 003387 1
004580 003401 1
004568 001997 1
004425 001839 1
004501 001916 1
004559 001980 1
004606 003361 1
004514 001933 1
004581 003400 1
004560 001985 1
004553 001971 1
004581 003405 1
004538 001956 1
004260 001009 1
004411 001820 1
004199 000927 1
004486 001901 1
004250 000991 1
004498 001913 1
004234 000970 1
004498 001914 1
004221 000955 1
004582 003402 1
004191 000922 1
004214 000943 1
004454 001869 1
004262 001014 1
004462 001876 1
004209 000940 1
004450 001864 1
004579 003411 1
004260 001015 1
004231 000966 1
004414 001825 1
004403 001809 1
004546 001964 1
004525 001942 1
004267 001027 1
004532 001949 1
004264 001020 1
004556 001977 1
004198 000927 1
004579 003403 1
004236 000972 1
004482 001899 1
004261 001012 1
004255 001001 1
004508 001927 1
004457 001873 1
004197 000929 1
004260 001014 1
004495 001910 1
004224 000960 1
004547 001965 1
004537 001957 1
004248 000991 1
004255 001002 1
004519 001935 1
004232 000966 1
004209 000938 1
004578 003407 1
004201 000933 1
004258 001007 1
004613 003351 1
004569 001999 1
004543 001959 1
004503 001918 1
004248 000986 1
004528 001947 1
004560 001982 1
004542 001959 1
004478 001893 1
004403 001806 1
004551 001972 1
004492 001911 1
004524 001943 1
004578 003405 1
004468 001886 1
004580 003404 1
004549 001969 1
004558 001981 1
004463 001881 1
004476 001894 1
004513 001929 1
004267 001034 1
004443 001860 1
004607 003363 1
004512 001928 1
004212 000941 1
004253 000999 1
004215 000945 1
004495 001911 1
004579 003404 1
004562 001984 1
004562 001991 1
004203 000935 1
004196 000927 1
004448 001864 1
004265 001018 1
004554 001975 1
004266 001024 1
004403 001811 1
004194 000925 1
004192 000921 1
004224 000959 1
004214 000946 1
004529 001945 1
004567 001999 1
004244 000986 1
004553 001970 1
004438 001852 1
004269 001035 1
004218 000947 1
004439 001856 1
004221 000956 1
004411 001823 1
004264 001017 1
004514 001932 1
004425 001837 1
004456 001872 1
004268 001031 1
004483 001899 1
004608 003360 1
004195 000926 1
004223 000953 1
004260 001011 1
004223 000956 1
004438 001853 1
004576 003413 1
004211 000938 1
004196 000923 1
004201 000927 1
004258 001002 1
004249 000993 1
004505 001921 1
004536 001953 1
004457 001871 1
004555 001978 1
004509 001927 1
004201 000928 1
004504 001920 1
004262 001010 1
004265 001027 1
004595 003378 1
004579 003410 1
004546 001963 1
004233 000968 1
004266 001029 1
004253 000997 1
004261 001016 1
004417 001831 1
004197 000926 1
004610 003356 1
004498 001917 1
004214 000947 1
004416 001830 1
004229 000965 1
004416 001826 1
004396 001797 1
004429 001843 1
004483 001898 1
004481 001898 1
004204 000931 1
004192 000924 1
004259 001010 1
004482 001900 1
004486 001902 1
004245 000986 1
004207 000938 1
004230 000962 1
004442 001858 1
004238 000973 1
004601 003370 1
004206 000935 1
004233 000969 1
004430 001844 1
004248 000989 1
004223 000958 1
004531 001948 1
004267 001023 1
004603 003368 1
004519 001938 1
004548 001965 1
004400 001801 1
004497 001916 1
004200 000933 1
004199 000931 1
004267 001032 1
004578 003411 1
004595 003377 1
004261 001009 1
004533 001952 1
004465 001880 1
004227 000961 1
004198 000928 1
004555 001977 1
004250 000992 1
004586 003391 1
004595 003379 1
004418 001829 1
004445 001862 1
004213 000943 1
004217 000951 1
004586 003390 1
004490 001908 1
004415 001829 1
004560 001983 1
004195 000922 1
004251 000992 1
004469 001884 1
004453 001868 1
004415 001827 1
004411 001824 1
004404 001809 1
004504 001921 1
004561 001988 1
004475 001893 1
004510 001926 1
004499 001914 1
004203 000934 1
004556 001980 1
004475 001891 1
004218 000952 1
004583 003396 1
004240 000975 1
004530 001947 1
004497 001914 1
004421 001836 1
004463 001880 1
004263 001013 1
004201 000931 1
004263 001021 1
004558 001983 1
004220 000952 1
004206 000934 1
004413 001823 1
004266 001030 1
004419 001832 1
004415 001826 1
004260 001013 1
004545 001962 1
004269 001033 1
004487 001905 1
004209 000936 1
004612 003355 1
004408 001820 1
004552 001971 1
004480 001898 1
004226 000957 1
004196 000928 1
004558 001982 1
004396 001799 1
004579 003407 1
004256 001003 1
004418 001832 1
004406 001818 1
004203 000936 1
004198 000926 1
004539 001958 1
004470 001885 1
004563 001993 1
004267 001025 1
004493 001910 1
004589 003387 1
004251 000995 1
004568 001999 1
004200 000928 1
004227 000964 1
004268 001026 1
004268 001035 1
004425 001841 1
004269 001030 1
004395 001797 1
004265 001022 1
004423 001835 1
004488 001903 1
004204 000937 1
004502 001917 1
004551 001971 1
004556 001976 1
004450 001867 1
004605 003362 1
004473 001891 1
004456 001870 1
004545 001964 1
004562 001988 1
004261 001014 1
004561 001986 1
004216 000948 1
004600 003372 1
004198 000929 1
004398 001802 1
004582 003400 1
004256 000999 1
004534 001950 1
004449 001866 1
004568 002000 1
004614 003349 1
004398 001803 1
004415 001825 1
004580 003402 1
004396 001795 1
004431 001844 1
004241 000979 1
004517 001934 1
004525 001944 1
004255 000999 1
004424 001840 1
004433 001849 1
004591 003384 1
004404 001810 1
004552 001972 1
004535 001953 1
004528 001945 1
004254 000999 1
004496 001914 1
004559 001978 1
004243 000982 1
004202 000934 1
004441 001855 1
004428 001845 1
004201 000934 1
004563 001988 1
004227 000963 1
004209 000937 1
004581 003403 1
004541 001957 1
004419 001830 1
004546 001965 1
004465 001883 1
004262 001017 1
004616 003347 1
004567 002000 1
004461 001875 1
004216 000946 1
004522 001941 1
004405 001816 1
004436 001853 1
004193 000926 1
004193 000925 1
004265 001024 1
004269 001031 1
004400 001803 1
004230 000963 1
004212 000942 1
004532 001951 1
004610 003355 1
004427 001841 1
004465 001879 1
004578 003409 1
004417 001830 1
004405 001815 1
004397 001796 1
004463 001877 1
004501 001918 1
004215 000944 1
004564 001994 1
004453 001870 1
004396 001798 1
004462 001880 1
004557 001978 1
004615 003348 1
004543 001961 1
004442 001856 1
004268 001030 1
004491 001910 1
004546 001966 1
004460 001875 1
004562 001986 1
004194 000921 1
004551 001968 1
004589 003388 1
004247 000990 1
004196 000925 1
004222 000953 1
004228 000964 1
004236 000971 1
004599 003372 1
004565 001988 1
004555 001975 1
004452 001868 1
004576 003410 1
004604 003367 1
004245 000987 1
004508 001926 1
004438 001854 1
004231 000964 1
004526 001944 1
004215 000946 1
004492 001907 1
004463 001878 1
004547 001967 1
004253 000993 1
004576 003411 1
004583 003400 1
004560 001984 1
004489 001904 1
004440 001856 1
004199 000925 1
004260 001007 1
004230 000966 1
004398 001799 1
004544 001963 1
004561 001982 1
004494 001912 1
004194 000924 1
004550 001968 1
004554 001977 1
004243 000984 1
004462 001878 1
004397 001802 1
004259 001007 1
004472 001890 1
004567 001997 1
004251 000996 1
004397 001799 1
004597 003373 1
004238 000977 1
004530 001949 1
004512 001930 1
004470 001888 1
004211 000945 1
004402 001804 1
004253 000995 1
004558 001980 1
004594 003377 1
004466 001882 1
004491 001908 1
004202 000935 1
004244 000983 1
004210 000943 1
004247 000987 1
004262 001020 1
004263 001017 1
004554 001972 1
004406 001817 1
004194 000923 1
004583 003398 1
004616 003348 1
004557 001976 1
004484 001900 1
004202 000933 1
004403 001813 1
004258 001004 1
004199 000926 1
004435 001850 1
004567 001995 1
004594 003380 1
004515 001933 1
004231 000968 1
004210 000942 1
004566 001995 1
004481 001899 1
004199 000930 1
004270 001034 1
004615 003349 1
004466 001880 1
004407 001813 1
004503 001920 1
004592 003383 1
004452 001866 1
004471 001889 1
004262 001012 1
004566 001993 1
004261 001015 1
004197 000930 1
004568 002001 1
004213 000946 1
004246 000983 1
004192 000923 1
004501 001919 1
004258 001008 1
004617 003346 1
004409 001818 1
004264 001022 1
004594 003378 1
004193 000923 1
004539 001956 1
004436 001851 1
004441 001858 1
004417 001832 1
004395 001795 1
004437 001853 1
004201 000929 1
004215 000948 1
004412 001826 1
004223 000959 1
004397 001795 1
004593 003379 1
004427 001842 1
004196 000924 1
004202 000928 1
004449 001865 1
004261 001011 1
004485 001901 1
004246 000984 1
004610 003358 1
004594 003381 1
004196 000926 1
004245 000984 1
004402 001807 1
004399 001803 1
004217 000948 1
004466 001883 1
004562 001990 1
004414 001827 1
004576 003409 1
004547 001968 1
004228 000962 1
004402 001806 1
004226 000960 1
004458 001874 1
004479 001896 1
004561 001985 1
004416 001829 1
004543 001962 1
004509 001928 1
004435 001848 1
004460 001877 1
004455 001869 1
004519 001936 1
004227 000962 1
004474 001890 1
004430 001845 1
004267 001030 1
004538 001958 1
004398 001804 1
004412 001821 1
004482 001897 1
004537 001955 1
004401 001805 1
004580 003408 1
004444 001861 1
004565 001993 1
004592 003382 1
004504 001922 1
004582 003401 1
004569 001997 1
004480 001896 1
004446 001860 1
004551 001969 1
004416 001831 1
004208 000940 1
004254 001001 1
004263 001020 1
004219 000953 1
004567 001993 1
004460 001874 1
004263 001019 1
004266 001028 1
004591 003383 1
004403 001810 1
004265 001026 1
004209 000941 1
004195 000921 1
004418 001833 1
004233 000966 1
004397 001798 1
004210 000938 1
004505 001924 1
004398 001798 1
004570 002002 1
004486 001903 1
004401 001802 1
004243 000980 1
004420 001831 1
004211 000941 1
004585 003392 1
004399 001804 1
004613 003354 1
004544 001964 1
004523 001942 1
004499 001915 1
004450 001865 1
004231 000967 1
004446 001861 1
004539 001955 1
004216 000949 1
004259 001008 1
004499 001918 1
004612 003352 1
004566 001998 1
004267 001033 1
004268 001029 1
004544 001962 1
004431 001848 1
004602 003367 1
004212 000940 1
004484 001899 1
004476 001891 1
004487 001904 1
004256 001006 1
004560 001980 1
004232 000969 1
004257 001003 1
004266 001026 1
004248 000987 1
004558 001978 1
004402 001811 1
004252 000997 1
004525 001943 1
004492 001908 1
004609 003359 1
004220 000954 1
004517 001933 1
004422 001835 1
004495 001914 1
004258 001006 1
004563 001992 1
004430 001843 1
004559 001984 1
004564 001987 1
004599 003371 1
004457 001872 1
004239 000976 1
004577 003406 1
004202 000932 1
004400 001808 1
004259 001012 1
004255 000998 1
004569 002002 1
004561 001989 1
004556 001975 1
004515 001931 1
004486 001904 1
004608 003361 1
004512 001929 1
004252 000994 1
004529 001948 1
004408 001817 1
004567 001998 1
004583 003397 1
004258 001005 1
004597 003374 1
004518 001936 1
004403 001807 1
004611 003355 1
004226 000959 1
004246 000988 1
004235 000972 1
004222 000956 1
004547 001964 1
004230 000967 1
004260 001006 1
004492 001910 1
004212 000946 1
004263 001016 1
004255 001000 1
004579 003402 1
004563 001986 1
004517 001935 1
004413 001824 1
004554 001974 1
004420 001832 1
004565 001989 1
004403 001808 1
004197 000927 1
004466 001884 1
004258 001009 1
004614 003351 1
004208 000939 1
004253 000996 1
004425 001838 1
004605 003364 1
004526 001942 1
004246 000985 1
004417 001828 1
004250 000989 1
004580 003407 1
004220 000949 1
004536 001955 1
004435 001852 1
004584 003395 1
004489 001906 1
004221 000952 1
004539 001957 1
004262 001011 1
004586 003392 1
004523 001939 1
004195 000925 1
004198 000930 1
004234 000969 1
004427 001840 1
004260 001008 1
004198 000931 1
004408 001816 1
004501 001917 1
004406 001816 1
004444 001858 1
004200 000929 1
004528 001946 1
004433 001847 1
004430 001847 1
004541 001958 1
004203 000932 1
004487 001902 1
004488 001904 1
004563 001987 1
004446 001863 1
004606 003363 1
004259 001004 1
004241 000976 1
004613 003352 1
004437 001854 1
004205 000934 1
004434 001849 1
004502 001921 1
004534 001952 1
004405 001810 1
004254 000996 1
004233 000971 1
004566 001992 1
004610 003357 1
004556 001978 1
004498 001915 1
004477 001895 1
004542 001960 1
004522 001938 1
004429 001844 1
004614 003352 1
004252 000991 1
004199 000929 1
004484 001901 1
004217 000949 1
004400 001807 1
004446 001862 1
004225 000961 1
004522 001939 1
004472 001888 1
004224 000958 1
004462 001877 1
004247 000985 1
004596 003374 1
004437 001852 1
004401 001806 1
004259 001009 1
004449 001863 1
004485 001902 1
004194 000927 1
004257 001006 1
004409 001821 1
004227 000959 1
004239 000977 1
004435 001851 1
004207 000940 1
004594 003379 1
004212 000944 1
004508 001925 1
004421 001833 1
004515 001932 1
004239 000978 1
004556 001974 1
004443 001857 1
004424 001839 1
004536 001952 1
004222 000955 1
004531 001947 1
004557 001979 1
004254 001002 1
004602 003366 1
004218 000949 1
004434 001848 1
004471 001886 1
004532 001950 1
004405 001814 1
004422 001837 1
004432 001847 1
004401 001809 1
004552 001973 1
004212 000945 1
004402 001809 1
004540 001957 1
004607 003361 1
004618 003342 1
004434 001850 1
004211 000939 1
004553 001974 1
004524 001940 1
004563 001990 1
004265 001020 1
004251 000990 1
004414 001826 1
004262 001019 1
004607 003362 1
004533 001949 1
004264 001024 1
004506 001924 1
004564 001995 1
004231 000963 1
004254 000998 1
004254 000997 1
004410 001821 1
004231 000965 1
004516 001935 1
004484 001902 1
004247 000988 1
004404 001808 1
004578 003404 1
004491 001906 1
004440 001857 1
004596 003376 1
004399 001798 1
004552 001974 1
004264 001019 1
004242 000983 1
004216 000945 1
004242 000982 1
004459 001876 1
004415 001828 1
004597 003376 1
004607 003360 1
004253 000994 1
004194 000926 1
004448 001862 1
004219 000948 1
004479 001895 1
004263 001014 1
004600 003370 1
004247 000984 1
004224 000954 1
004421 001834 1
004200 000926 1
004226 000958 1
004420 001833 1
004213 000941 1
004252 000992 1
004444 001860 1
004268 001034 1
004495 001912 1
004241 000977 1
004214 000944 1
004514 001931 1
004497 001913 1
004247 000986 1
004550 001967 1
004552 001969 1
004599 003373 1
004527 001944 1
004566 001996 1
004521 001939 1
004202 000929 1
004252 000996 1
004434 001851 1
004474 001889 1
004250 000988 1
004560 001987 1
004260 001010 1
004579 003409 1
004256 001004 1
004593 003380 1
004551 001973 1
004227 000960 1
004242 000981 1
004228 000960 1
004580 003405 1
004257 001000 1
004564 001988 1
004507 001925 1
004517 001936 1
004524 001941 1
004252 000995 1
004401 001807 1
004245 000985 1
004400 001802 1
004437 001851 1
004201 000932 1
004409 001820 1
004494 001911 1
004490 001909 1
004477 001894 1
004404 001814 1
004404 001812 1
004595 003376 1
004551 001970 1
004448 001863 1
004565 001991 1
004513 001932 1
004535 001952 1
004591 003382 1
004213 000944 1
004433 001850 1
004219 000951 1
004518 001937 1
004407 001816 1
004509 001925 1
004577 003409 1
004223 000954 1
004204 000936 1
004503 001919 1
004511 001928 1
004431 001845 1
004490 001906 1
004559 001985 1
004616 003346 1
004503 001921 1
004427 001844 1
004590 003385 1
004223 000957 1
004468 001884 1
004501 001920 1
004540 001959 1
004598 003375 1
004562 001983 1
004543 001963 1
004204 000932 1
004237 000974 1
004557 001975 1
004205 000932 1
004264 001026 1
004395 001796 1
004495 001913 1
004398 001797 1
004214 000948 1
004413 001825 1
004464 001881 1
004220 000950 1
004205 000937 1
004452 001869 1
004418 001830 1
004232 000970 1
004242 000980 1
004577 003408 1
004224 000955 1
004471 001887 1
004217 000947 1
004268 001032 1
004487 001903 1
004463 001879 1
004241 000980 1
004491 001907 1
004477 001892 1
004562 001985 1
004434 001847 1
004205 000935 1
004611 003356 1
004513 001930 1
004265 001019 1
004205 000933 1
004236 000970 1
004255 001004 1
004459 001875 1
004564 001992 1
004478 001894 1
004608 003358 1
004439 001855 1
004475 001892 1
004221 000954 1
004237 000976 1
004263 001015 1
004560 001981 1
004545 001963 1
004209 000939 1
004240 000979 1
004465 001882 1
004523 001941 1
004225 000956 1
004432 001849 1
004548 001966 1
004569 001998 1
004257 001005 1
004598 003374 1
004504 001923 1
004530 001948 1
004526 001943 1
004511 001929 1
004509 001926 1
004440 001854 1
004250 000993 1
004612 003354 1
004500 001917 1
004445 001861 1
004201 000930 1
004592 003381 1
004565 001996 1
004208 000936 1
004559 001981 1
004234 000971 1
004263 001012 1
004195 000924 1
004581 003404 1
004513 001931 1
004566 001999 1
004258 001010 1
004217 000950 1
004593 003382 1
004579 003408 1
004492 001909 1
004397 001797 1
004399 001802 1
004249 000990 1
004531 001950 1
004256 001005 1
004506 001923 1
004431 001846 1
004587 003389 1
004449 001864 1
004429 001845 1
004561 001984 1
004602 003368 1
004422 001834 1
004234 000968 1
004611 003354 1
004537 001954 1
004229 000964 1
004470 001886 1
004420 001836 1
004266 001022 1
004506 001925 1
004203 000929 1
004206 000939 1
004582 003398 1
004219 000950 1
004410 001823 1
004567 001992 1
004618 003344 1
004224 000957 1
004205 000936 1
004193 000922 1
004565 001992 1
004230 000964 1
004252 000993 1
004400 001806 1
004244 000985 1
004462 001879 1
004564 001991 1
004250 000990 1
004567 001996 1
004438 001855 1
004577 003411 1
004459 001873 1
004589 003385 1
004421 001835 1
004554 001973 1
004516 001932 1
004493 001908 1
004259 001013 1
004250 000995 1
004481 001897 1
004251 000991 1
004527 001946 1
004558 001977 1
004207 000934 1
004601 003368 1
004549 001968 1
004582 003397 1
004498 001916 1
004269 001034 1
004451 001865 1
004590 003386 1
004488 001905 1
004219 000954 1
004196 000922 1
004207 000939 1
004500 001919 1
004580 003409 1
004496 001912 1
004406 001813 1
004579 003405 1
004542 001961 1
004211 000944 1
004471 001888 1
004453 001867 1
004234 000967 1
004606 003364 1
004568 001995 1
004246 000986 1
004600 003369 1
004411 001821 1
004412 001824 1
004262 001015 1
004399 001805 1
004247 000989 1
004198 000925 1
004532 001948 1
004266 001025 1
004405 001812 1
004518 001935 1
004553 001975 1
004429 001846 1
004474 001892 1
004235 000969 1
004468 001883 1
004591 003385 1
004260 001012 1
004565 001994 1
004490 001907 1
004596 003378 1
004443 001858 1
004537 001953 1
004529 001946 1
004453 001869 1
004413 001826 1
004257 001007 1
004256 001002 1
004235 000970 1
004578 003412 1
004206 000937 1
004562 001987 1
004206 000938 1
004256 001001 1
004406 001812 1
004210 000937 1
004585 003395 1
004612 003353 1
004564 001990 1
004432 001848 1
004207 000936 1
004507 001926 1
004543 001960 1
004265 001025 1
004402 001810 1
004600 003371 1
004263 001018 1
004229 000963 1
004478 001895 1
004553 001972 1
004497 001912 1
004240 000980 1
004467 001884 1
004530 001946 1
004496 001915 1
004420 001834 1
004407 001814 1
004206 000936 1
004240 000976 1
004427 001843 1
004556 001979 1
004264 001015 1
004203 000930 1
004399 001800 1
004214 000942 1
004541 001959 1
004197 000923 1
004429 001842 1
004440 001855 1
004262 001018 1
004582 003399 1
004395 001794 1
004581 003402 1
004545 001965 1
004445 001860 1
004541 001961 1
004586 003393 1
004615 003347 1
004566 001990 1
004210 000939 1
004458 001875 1
004432 001845 1
004196 000929 1
004467 001882 1
004222 000957 1
004262 001021 1
004239 000974 1
004564 001986 1
004561 001987 1
004267 001029 1
004419 001833 1
004550 001970 1
004254 001000 1
004426 001840 1
004452 001867 1
004583 003399 1
004245 000982 1
004542 001958 1
004222 000952 1
004200 000927 1
004436 001852 1
004235 000971 1
004209 000942 1
004266 001032 1
004401 001804 1
004410 001820 1
004603 003367 1
004559 001982 1
004200 000931 1
004563 001991 1
004569 002001 1
004193 000921 1
004397 001800 1
004203 000933 1
004579 003406 1
004399 001799 1
004261 001010 1
004240 000978 1
004464 001878 1
004257 001001 1
004264 001021 1
004554 001976 1
004264 001023 1
004208 000935 1
004442 001857 1
004518 001934 1
004255 001003 1
004213 000945 1
004267 001031 1
004534 001951 1
004578 003410 1
004218 000950 1
004514 001930 1
004558 001979 1
004605 003363 1
004473 001889 1
004593 003381 1
004520 001937 1
004447 001862 1
004580 003403 1
004538 001957 1
004581 003399 1
004241 000981 1
004508 001924 1
004423 001837 1
004227 000958 1
004602 003370 1
004567 001994 1
004458 001872 1
004510 001928 1
004419 001834 1
004520 001936 1
004606 003362 1
004420 001835 1
004409 001817 1
004599 003370 1
004601 003369 1
004213 000942 1
004476 001892 1
004212 000943 1
004204 000933 1
004477 001893 1
004461 001877 1
004548 001969 1
004267 001026 1
004521 001937 1
004204 000930 1
004441 001856 1
004473 001890 1
004491 001909 1
004257 001008 1
004557 001977 1
004549 001967 1
004585 003393 1
004217 000946 1
004467 001885 1
004237 000973 1
004576 003408 1
004264 001016 1
004216 000944 1
004454 001870 1
004203 000931 1
004511 001930 1
004511 001927 1
004396 001800 1
004263 001023 1
004577 003410 1
004557 001981 1
004618 003343 1
004231 000969 1
004410 001819 1
004464 001882 1
004494 001910 1
004256 000998 1
004237 000971 1
004266 001027 1
004233 000970 1
004450 001866 1
004259 001011 1
004248 000988 1
004605 003365 1
004215 000949 1
004413 001827 1
004239 000979 1
004533 001951 1
004568 001998 1
004416 001828 1
004548 001967 1
004229 000962 1
004400 001800 1
004258 001003 1
004214 000945 1
004577 003413 1
004216 000950 1
004208 000938 1
004261 001008 1
004228 000963 1
004249 000992 1
004503 001922 1
004253 000998 1
004519 001937 1
004233 000967 1
004521 001938 1
004436 001850 1
004211 000943 1
004565 001990 1
004590 003384 1
004256 001000 1
004493 001911 1
004221 000951 1
004553 001973 1
004259 001005 1
004566 001997 1
004229 000961 1
004565 001997 1
004266 001023 1
004435 001849 1
004603 003366 1
004232 000968 1
004208 000941 1
004192 000925 1
004226 000961 1
004565 001995 1
004206 000933 1
004564 001993 1
004448 001865 1
004447 001863 1
004265 001021 1
004602 003369 1
004442 001859 1
004228 000965 1
004585 003394 1
004238 000976 1
004413 001822 1
004479 001894 1
004528 001944 1
004224 000956 1
004261 001013 1
004245 000983 1
004549 001966 1
004398 001801 1
004604 003365 1
004473 001888 1
004502 001920 1
004467 001883 1
004401 001810 1
004538 001954 1
004581 003401 1
004222 000954 1
004407 001819 1
004204 000935 1
004457 001874 1
004414 001824 1
004584 003394 1
004202 000931 1
004439 001854 1
004235 000973 1
004208 000937 1
004535 001954 1
004562 001989 1
004265 001029 1
004412 001823 1
004243 000981 1
004540 001958 1
004406 001815 1
004193 000924 1
004510 001929 1
004475 001890 1
004520 001939 1
004210 000940 1
002747 001852 0
004209 000363 0
001825 000574 0
001271 000731 0
001800 001480 0
001872 000933 0
001120 000561 0
002693 002569 0
004385 002952 0
003818 002731 0
001021 000802 0
000897 000519 0
001871 000330 0
001005 000902 0
004184 003379 0
003850 003436 0
004026 000104 0
004596 003580 0
003336 001659 0
001461 001093 0
004382 003025 0
002549 001825 0
001429 001129 0
002207 000532 0
004098 002609 0
004626 001014 0
003711 001379 0
004505 002782 0
004560 000507 0
002299 000180 0
003510 000800 0
002706 002155 0
001751 000650 0
004106 003415 0
003724 003477 0
002249 001352 0
002395 001028 0
003953 002700 0
003746 001719 0
000736 000119 0
002038 000456 0
004415 004244 0
002135 001448 0
002974 000348 0
001550 000739 0
004331 000928 0
004333 001444 0
004067 003505 0
002943 001639 0
004536 000086 0
004400 002234 0
000689 000341 0
003585 002686 0
003159 000346 0
004527 004013 0
001566 000784 0
002980 001427 0
001859 001385 0
004223 001169 0
003922 003178 0
003393 001397 0
004588 000445 0
002018 000097 0
004391 003751 0
004382 002345 0
004301 000639 0
001923 001505 0
003765 000809 0
004617 004093 0
002665 000437 0
001907 000067 0
003057 000982 0
004105 003112 0
003563 001670 0
001539 000420 0
002680 001598 0
002481 000180 0
003243 001459 0
003970 002131 0
003333 001190 0
004643 002151 0
002303 000723 0
003837 001921 0
003377 000826 0
000462 000152 0
001244 001169 0
004252 000318 0
002706 001644 0
002812 002433 0
002364 000048 0
003726 002921 0
003726 001457 0
001995 001382 0
004037 002778 0
003488 001320 0
004226 003752 0
002667 001633 0
003813 001145 0
002162 001358 0
000823 000392 0
004019 002118 0
003121 000278 0
004064 000901 0
004221 002572 0
001168 000915 0
003635 001893 0
000536 000121 0
003324 002702 0
001561 000907 0
004481 000658 0
003015 001138 0
000817 000445 0
003758 001219 0
003962 000195 0
003390 001873 0
003124 000510 0
004117 003251 0
002346 000645 0
003025 000070 0
004073 002127 0
004102 000963 0
004168 003975 0
004608 001135 0
004277 001981 0
002215 001004 0
002004 001657 0
004399 003408 0
004593 002318 0
003769 002822 0
004227 000081 0
003416 002759 0
003009 002927 0
002361 001530 0
001155 000719 0
003994 000951 0
004317 001403 0
003778 001086 0
003189 002326 0
003077 000280 0
003427 002322 0
004023 003462 0
003532 003397 0
004342 001025 0
003297 000557 0
002501 000106 0
004550 001813 0
002305 001136 0
002754 002072 0
003634 001616 0
003952 003831 0
003530 001528 0
004451 002287 0
002266 000939 0
003225 000409 0
002556 001533 0
002337 001511 0
004396 000024 0
001841 000842 0
001751 000161 0
003690 002413 0
001962 000341 0
002246 001331 0
002348 000232 0
004546 002823 0
003614 002896 0
002817 002413 0
002766 000436 0
004382 004296 0
003306 003056 0
003301 001981 0
001450 000030 0
004232 000317 0
002436 001506 0
003064 001736 0
003364 003254 0
003482 001104 0
004152 002417 0
002262 000233 0
004581 000602 0
002465 000325 0
004479 002423 0
001087 001018 0
003072 000430 0
001855 000676 0
003155 003026 0
004193 002521 0
004112 002287 0
003241 000839 0
003923 002738 0
004482 003477 0
003396 000138 0
003979 003330 0
003858 001591 0
004036 002063 0
003709 002614 0
004066 001263 0
002917 000225 0
004605 003291 0
002528 000381 0
003534 002979 0
003912 002140 0
002775 001671 0
002760 001892 0
002526 000894 0
004092 003931 0
002437 001399 0
004141 001199 0
001336 000148 0
002078 001046 0
003780 001880 0
004098 003138 0
003880 001245 0
004192 001355 0
004210 000500 0
004586 004127 0
002364 000350 0
004626 003399 0
004388 002604 0
002102 000619 0
004617 004108 0
003641 000315 0
004410 003529 0
001231 000324 0
002574 000180 0
003021 002076 0
001725 000208 0
004513 001199 0
004637 001615 0
000814 000749 0
003490 001974 0
003425 002194 0
002418 000998 0
004021 003633 0
004487 003974 0
002749 001887 0
003607 003129 0
004369 001990 0
004571 002387 0
003465 002085 0
004410 003834 0
004088 001792 0
003600 000784 0
003867 000469 0
004573 003733 0
002205 001600 0
002163 001554 0
001938 001614 0
003429 000119 0
004603 000225 0
004407 003501 0
002725 000717 0
003428 003259 0
002759 000823 0
001381 000357 0
002311 001885 0
004537 002766 0
004316 002333 0
001672 001519 0
002243 000000 0
004404 001905 0
004150 000278 0
001345 000207 0
002814 002617 0
004381 003712 0
003393 000863 0
004152 000461 0
003028 002513 0
001275 000172 0
003685 001677 0
002655 000796 0
004384 002339 0
004359 001309 0
004569 004327 0
003569 002842 0
000626 000067 0
004474 000825 0
001624 000092 0
002508 000510 0
002585 001947 0
003601 000376 0
002358 000689 0
002249 000789 0
003685 002454 0
004333 003413 0
002613 001870 0
004145 000030 0
004333 001343 0
004203 001981 0
004115 003670 0
001514 000827 0
003024 002367 0
001492 000015 0
002857 000210 0
003312 001049 0
001799 001080 0
004002 000788 0
003448 002098 0
003197 000240 0
003708 002030 0
003832 001865 0
002199 000748 0
000900 000722 0
003814 002563 0
001237 000677 0
002226 001495 0
003535 000285 0
004591 000632 0
001967 001487 0
003833 000797 0
004189 003263 0
004625 001962 0
003922 000617 0
002125 000221 0
003106 002411 0
003329 000963 0
000919 000422 0
001490 000420 0
004603 003968 0
003034 000447 0
003176 002911 0
001787 000385 0
002877 002506 0
001210 000720 0
001571 000699 0
002674 001335 0
002568 000114 0
003063 001368 0
002720 000201 0
004526 001924 0
002086 000537 0
004660 001747 0
004455 000849 0
002352 000598 0
003296 000572 0
002767 002551 0
002889 001399 0
002105 001856 0
004327 002287 0
004415 000787 0
002611 000429 0
003918 000874 0
003916 000535 0
002359 000087 0
001614 000826 0
000762 000055 0
000423 000290 0
002929 000309 0
003309 001550 0
002347 001861 0
003606 000201 0
003811 000360 0
003328 000476 0
004492 003141 0
004432 000973 0
000886 000260 0
002161 001312 0
004345 004145 0
002982 001918 0
001714 000837 0
004227 002386 0
002069 001219 0
001305 000629 0
004476 002284 0
003582 000572 0
004528 002451 0
003160 002519 0
002798 000974 0
003064 000326 0
002499 001018 0
003817 001343 0
003709 002902 0
003669 003356 0
003850 000069 0
003941 002887 0
001599 001087 0
004051 001597 0
004166 003410 0
003581 000139 0
004274 002271 0
004494 000164 0
002357 001691 0
004039 001322 0
002636 002370 0
002462 000236 0
004008 002012 0
002737 000755 0
003511 003187 0
002748 000265 0
003110 001381 0
004094 003831 0
003659 003311 0
003290 000643 0
004649 002892 0
003761 002945 0
001699 000110 0
001512 001309 0
004331 002870 0
002975 002585 0
003494 001257 0
003074 001684 0
004625 001073 0
002862 002384 0
003201 001301 0
003785 000285 0
003507 000812 0
003716 000070 0
002686 001543 0
004071 003517 0
002705 001779 0
004605 004313 0
003869 000685 0
003930 002644 0
003829 000890 0
004105 000893 0
002492 000231 0
003258 002819 0
004259 002585 0
003641 000354 0
004524 004174 0
003909 003449 0
001941 000761 0
004146 001672 0
002466 002109 0
002814 000977 0
002659 000408 0
001219 000964 0
002375 001921 0
003358 003190 0
000075 000017 0
002011 001087 0
004394 002163 0
004627 000841 0
004536 001465 0
004474 002013 0
003054 000427 0
002814 001080 0
001399 000101 0
003809 000765 0
004344 003619 0
000743 000304 0
002497 000930 0
002982 001617 0
002492 000383 0
003383 001237 0
003658 001076 0
001446 001137 0
004308 000065 0
003451 001736 0
003521 000845 0
003386 002236 0
003764 003396 0
003576 001293 0
004338 000502 0
003120 002229 0
003949 001049 0
002674 001504 0
003801 002423 0
004634 002048 0
002486 000847 0
002673 001642 0
003640 002003 0
004179 003163 0
001662 000518 0
003303 000033 0
003335 001218 0
002142 000341 0
003341 003260 0
004323 000090 0
004441 002421 0
001681 000345 0
004130 003803 0
001223 000874 0
004399 000999 0
002964 002506 0
001675 000108 0
003869 000185 0
003922 001970 0
004034 000281 0
004269 002467 0
002961 001309 0
003022 001306 0
001062 000831 0
004052 000771 0
004060 001023 0
003166 002482 0
003897 001010 0
003538 000989 0
004198 002695 0
002411 001187 0
003267 002425 0
003237 002566 0
001039 000283 0
003028 001148 0
001526 000536 0
004286 002097 0
001668 000179 0
003128 002687 0
003097 000850 0
002627 001017 0
004230 003663 0
003251 000122 0
004537 004161 0
004384 001915 0
002717 000019 0
004036 002383 0
004025 003702 0
003965 003567 0
002752 002556 0
004537 001261 0
003030 001601 0
003953 000374 0
002659 001975 0
003201 003056 0
003876 001823 0
001230 000598 0
002637 000590 0
004278 004110 0
003124 000016 0
002026 001150 0
001752 001387 0
002627 000992 0
001323 000107 0
003826 000450 0
004282 003443 0
003691 002762 0
002604 000925 0
004202 002995 0
004516 000084 0
003978 000169 0
003893 001184 0
004335 002294 0
002416 000379 0
002438 000694 0
001737 000972 0
003080 001677 0
000242 000009 0
004363 003487 0
004061 003797 0
004194 000529 0
003179 002836 0
003669 000588 0
003752 000684 0
003890 000447 0
004235 002434 0
004410 003172 0
004288 003580 0
004518 001445 0
002528 000481 0
002734 001369 0
003870 001599 0
003589 000033 0
002889 001630 0
003183 000029 0
004449 003670 0
002075 000409 0
004319 003360 0
001664 001055 0
000523 000050 0
004075 003121 0
003766 001002 0
001374 000589 0
004535 003291 0
003565 003298 0
000771 000442 0
002246 001901 0
004110 003884 0
004018 000317 0
004581 002037 0
002875 000952 0
003560 001501 0
002862 002252 0
000580 000104 0
004374 000640 0
004259 002524 0
004223 003479 0
002508 000686 0
001982 001620 0
003182 001585 0
000911 000306 0
000545 000234 0
003305 000452 0
003039 000126 0
004242 000146 0
003933 003525 0
002502 001640 0
000622 000093 0
003488 000447 0
001681 000140 0
004404 003370 0
003513 000712 0
003685 001629 0
004354 000756 0
001716 000212 0
004212 002666 0
002596 001299 0
004247 001186 0
003293 002022 0
003147 001938 0
003664 002432 0
001473 000312 0
002299 001686 0
004334 004225 0
004607 000368 0
002010 001445 0
002682 000617 0
002140 000753 0
003830 000351 0
003810 001669 0
002996 000060 0
004374 004080 0
003805 002362 0
000832 000134 0
000956 000318 0
002808 000059 0
004175 003367 0
003594 002284 0
003916 001577 0
004484 000507 0
002476 000666 0
003332 000810 0
000664 000311 0
002846 002060 0
004545 003433 0
001723 000357 0
003975 001388 0
004206 002451 0
004325 000258 0
004512 004324 0
003131 002975 0
004258 001258 0
004335 003849 0
004426 000622 0
002867 001949 0
004205 003542 0
003270 001137 0
004649 002283 0
004560 004260 0
001806 000957 0
004246 000249 0
003747 000098 0
004610 000519 0
004326 002650 0
004349 003487 0
004583 001544 0
003177 001543 0
004427 000230 0
004128 002054 0
004379 001985 0
002576 000193 0
004222 003799 0
004378 003075 0
002754 000432 0
000617 000356 0
002880 001787 0
004135 002280 0
003346 000617 0
002236 002150 0
003996 003592 0
003843 002052 0
002166 000756 0
004338 002881 0
003850 000207 0
003534 001541 0
001946 000495 0
004156 002736 0
004371 000497 0
001684 001327 0
002462 001489 0
004658 002592 0
004494 000433 0
001728 000956 0
002524 000033 0
004337 002497 0
003973 002012 0
001284 001052 0
003095 001226 0
004055 002787 0
002000 001668 0
002830 000835 0
002847 000224 0
003170 001003 0
003432 000918 0
002829 000480 0
003754 001856 0
002040 001697 0
002598 001420 0
004448 000251 0
003882 002114 0
001508 000529 0
003849 003077 0
003076 000494 0
002623 001112 0
003905 003226 0
003659 001995 0
004168 000863 0
004016 003076 0
004101 001545 0
001185 000313 0
001077 000972 0
004087 000207 0
001684 001499 0
000991 000456 0
004569 003841 0
003975 001947 0
003187 000608 0
003855 001124 0
002041 000821 0
001951 000967 0
002398 001622 0
001718 000222 0
003259 000057 0
000437 000322 0
003497 002841 0
004616 003289 0
003355 001456 0
003601 002168 0
001509 001050 0
004400 003156 0
001860 000475 0
002250 001909 0
003666 002602 0
003862 002493 0
002261 001789 0
003972 000369 0
002179 001569 0
004001 003618 0
002048 001355 0
003672 000983 0
003986 000042 0
004156 003779 0
001370 000920 0
004109 002268 0
003737 001372 0
001007 000677 0
004539 001788 0
003838 000256 0
001856 001325 0
002853 000099 0
002293 002012 0
003919 002259 0
003574 002856 0
004463 000743 0
003212 001049 0
002855 001361 0
003260 001072 0
003909 002916 0
004537 003619 0
002017 000760 0
001740 001488 0
004108 001197 0
003948 001427 0
002177 001347 0
003538 002510 0
002303 001732 0
004498 002369 0
004398 003057 0
003312 001207 0
004316 004084 0
002906 002050 0
003640 003278 0
004026 003422 0
004631 001729 0
003462 003368 0
003904 001255 0
004338 003221 0
001190 000640 0
002623 001340 0
003759 002906 0
004615 001319 0
002038 001907 0
002896 000723 0
004188 001893 0
000953 000493 0
003301 002851 0
003989 003207 0
002463 000110 0
003902 002673 0
001122 000717 0
001246 000033 0
003888 000206 0
004607 003538 0
002237 000811 0
002708 000629 0
002526 002456 0
003246 003044 0
003518 001930 0
002656 001685 0
003565 002595 0
003183 000439 0
002535 000227 0
002735 001674 0
003917 001432 0
001840 001090 0
003588 002686 0
003440 000410 0
002004 000645 0
002897 000681 0
002342 000806 0
002510 000354 0
003775 002670 0
003259 001390 0
002094 000923 0
002571 001100 0
004442 001762 0
001684 001359 0
001503 001063 0
003390 000712 0
003517 002443 0
003920 001885 0
002553 000597 0
002676 001729 0
002923 002386 0
003403 000774 0
003888 000886 0
004444 004311 0
003566 001317 0
003420 000252 0
003299 002853 0
003606 001667 0
001503 001320 0
004597 003539 0
001253 000035 0
004464 003860 0
003134 000983 0
004120 002045 0
003398 002748 0
004046 001327 0
003998 000117 0
001253 000885 0
004111 000766 0
001684 001279 0
003115 000824 0
003659 001846 0
000464 000122 0
002607 002473 0
001633 000797 0
002186 000043 0
003984 001768 0
004451 001654 0
002969 000027 0
003836 000535 0
003362 001222 0
002942 000254 0
004328 000829 0
002664 002218 0
003275 000913 0
001359 000797 0
001305 000290 0
001994 001941 0
003723 000337 0
001269 000565 0
000710 000177 0
004259 003852 0
002552 000140 0
003124 000675 0
002146 001413 0
003158 002974 0
004497 003839 0
002745 000950 0
003364 002584 0
003868 001697 0
003886 002173 0
002430 000615 0
003112 000216 0
001632 001393 0
002678 001601 0
000989 000768 0
004386 002355 0
001621 001282 0
003598 002089 0
003712 001398 0
002595 000831 0
003102 002030 0
004427 000182 0
003492 000660 0
004367 001294 0
004442 002342 0
004601 002053 0
003324 003222 0
004637 003716 0
003384 001461 0
001529 000200 0
000804 000544 0
002741 002230 0
004112 000530 0
002181 002096 0
003424 003172 0
003434 000889 0
002289 001514 0
003084 000033 0
004442 002543 0
003190 000009 0
003829 002929 0
003285 000785 0
002781 000622 0
003670 001081 0
003714 000256 0
001211 000226 0
002146 000711 0
002008 001870 0
001741 000905 0
000906 000486 0
000413 000246 0
002506 000260 0
004419 000384 0
002582 001928 0
003474 001505 0
002833 000913 0
003431 001244 0
002249 000218 0
001034 000023 0
000526 000177 0
004417 001282 0
000986 000102 0
003429 000221 0
004143 002980 0
003936 002950 0
003476 000538 0
004165 000894 0
004034 001059 0
002840 001164 0
002957 000474 0
001268 001053 0
003677 003038 0
002724 000673 0
002753 002297 0
003414 000345 0
001549 000402 0
004264 001970 0
003988 001541 0
002616 000357 0
004629 002665 0
004206 003623 0
000784 000207 0
004169 002397 0
003266 000902 0
003291 002695 0
003934 002321 0
002091 001081 0
003613 003416 0
004070 001712 0
004350 001862 0
004261 004127 0
004035 001763 0
003899 000090 0
003990 003291 0
001803 000899 0
003211 000971 0
004527 004075 0
001950 000573 0
004513 001898 0
002891 002327 0
004204 001351 0
003989 001715 0
002723 002059 0
002848 001196 0
003580 002253 0
003102 001436 0
003088 000807 0
004053 003809 0
001349 000009 0
003788 002055 0
002241 001047 0
003739 003262 0
003596 003201 0
004517 003557 0
004268 000039 0
003947 003589 0
003776 001244 0
003826 001265 0
002892 001300 0
002914 000373 0
004453 001328 0
003664 002078 0
003835 001422 0
002516 001125 0
003809 002449 0
003724 002475 0
004329 001540 0
001628 001124 0
000093 000010 0
004219 002238 0
000379 000171 0
001904 001669 0
003494 000940 0
003834 002683 0
003199 003006 0
002877 000502 0
003355 000698 0
004583 000800 0
001885 001471 0
003757 002760 0
002823 000328 0
004523 003184 0
004548 001050 0
001518 000045 0
003155 002133 0
000508 000422 0
003983 003231 0
003794 002619 0
003074 002296 0
003264 000139 0
003613 000568 0
001486 000781 0
001325 000926 0
002815 001280 0
003063 001109 0
000761 000263 0
004527 003770 0
003187 003050 0
002473 000196 0
001600 000939 0
001501 000477 0
000822 000544 0
004044 001212 0
003172 000226 0
004651 004008 0
004637 003591 0
003472 002963 0
003621 002471 0
002467 002041 0
004374 000835 0
003273 002285 0
003008 001816 0
000677 000254 0
002931 002802 0
003804 001898 0
004347 003704 0
004412 001177 0
002832 002369 0
003991 001314 0
002210 001676 0
004079 001979 0
001119 000142 0
004426 001387 0
001749 000053 0
003487 003220 0
004660 002201 0
002468 001973 0
002821 001664 0
003131 002951 0
002011 001803 0
002596 001163 0
003928 003024 0
003265 001942 0
004044 001673 0
004392 003737 0
003282 000264 0
003729 001024 0
003908 001034 0
004358 000134 0
001287 000625 0
002564 000720 0
004387 001559 0
002142 001486 0
002401 001001 0
003261 002062 0
001479 000599 0
003475 001740 0
002572 002036 0
003203 002567 0
001971 001228 0
004579 003688 0
003913 002243 0
004110 001499 0
001067 000546 0
003477 002164 0
004055 000016 0
004085 003516 0
003028 002014 0
001617 000616 0
003186 002621 0
001497 000194 0
004007 002305 0
004480 002990 0
000890 000375 0
002313 001805 0
003512 001456 0
004520 003965 0
004075 001399 0
002779 000455 0
000898 000318 0
002465 000930 0
000891 000249 0
003155 002584 0
002908 002447 0
002679 000219 0
004179 002905 0
003628 002070 0
003163 002568 0
004054 000954 0
004339 001427 0
004215 000811 0
001037 000050 0
004168 002424 0
002867 000443 0
001887 000768 0
004181 004070 0
002008 000510 0
003714 002629 0
004332 000303 0
004405 003384 0
004545 000770 0
001265 001181 0
002906 001984 0
003136 002937 0
003364 001370 0
003345 000165 0
002530 000924 0
003598 000556 0
003582 001212 0
002334 001459 0
002082 000175 0
004205 002205 0
001504 001406 0
002301 000060 0
002672 000998 0
003530 001186 0
003173 002932 0
003469 001555 0
001892 001750 0
002618 002367 0
003544 001909 0
003283 002063 0
004031 003513 0
003216 003120 0
003041 000383 0
002203 000213 0
002009 000529 0
002131 000862 0
002876 001028 0
002067 001512 0
003614 001326 0
001006 000101 0
004248 003223 0
004152 002230 0
000292 000032 0
003731 001914 0
002335 000927 0
003200 002488 0
004468 003041 0
003898 000277 0
003586 000527 0
004131 002661 0
002974 002879 0
004339 000269 0
002785 002079 0
003575 003186 0
003338 000509 0
001476 000679 0
004393 003438 0
001312 000582 0
001769 000468 0
004392 001973 0
002504 001144 0
002996 001869 0
003110 001902 0
002883 001303 0
003437 002179 0
003105 000354 0
004431 004336 0
003132 002490 0
002442 002092 0
004158 001050 0
002758 001904 0
002608 002382 0
003947 001962 0
001381 000880 0
001576 001201 0
002504 001044 0
004106 001467 0
004377 001927 0
002061 001810 0
003126 002528 0
001905 001553 0
004499 001683 0
000963 000123 0
003946 003271 0
002462 000002 0
003551 002096 0
003950 003585 0
001963 000940 0
004124 002216 0
002333 000820 0
001504 000952 0
003335 000461 0
002239 000943 0
003267 000509 0
004243 000397 0
004120 002593 0
002657 002057 0
004335 002852 0
002653 001333 0
001904 000549 0
002098 001132 0
002631 001108 0
002519 001786 0
004448 001886 0
001150 000638 0
002867 000338 0
002861 001343 0
003838 001410 0
004049 002397 0
002731 002017 0
004178 001976 0
002870 000021 0
001930 000972 0
003157 002809 0
004108 003250 0
003103 001398 0
002541 000376 0
002015 001590 0
004307 000504 0
003595 001248 0
002690 002506 0
002229 002115 0
004618 000714 0
003289 002857 0
003878 001839 0
003085 002470 0
002157 000551 0
004584 002109 0
001625 000719 0
001259 000013 0
003699 000536 0
002853 001303 0
002485 001568 0
003451 002813 0
001183 000337 0
002228 001524 0
002422 000661 0
003546 000623 0
004372 000909 0
003819 000330 0
004499 001360 0
001003 000075 0
003419 001514 0
001760 000571 0
003408 000229 0
004541 003605 0
003147 001632 0
002971 001114 0
002354 000295 0
003013 002622 0
004286 001714 0
004098 002012 0
003519 000363 0
004387 000395 0
004279 001152 0
003848 001353 0
003665 002568 0
003359 000249 0
000991 000047 0
000965 000641 0
004606 001260 0
004340 001538 0
003949 001246 0
002956 001762 0
003914 002584 0
004576 002855 0
003423 000018 0
004641 002683 0
002084 000826 0
004062 003601 0
004340 000337 0
003737 002671 0
000824 000163 0
003741 001920 0
001583 000085 0
001743 001607 0
004152 000984 0
003674 002078 0
003554 001496 0
001452 001106 0
003590 001772 0
003993 001483 0
004066 000762 0
004035 003163 0
002099 000712 0
004266 002416 0
000942 000806 0
003304 000733 0
004042 003465 0
004224 001270 0
003180 001550 0
003168 001599 0
000867 000774 0
003385 002368 0
004159 003320 0
003985 000339 0
003836 000061 0
003767 001856 0
001445 000871 0
003848 001488 0
002303 001833 0
002577 002009 0
004267 000597 0
002236 002185 0
002773 002631 0
003287 000260 0
004154 000302 0
001758 000431 0
004309 003167 0
001702 001137 0
004184 002915 0
004481 001530 0
001397 000535 0
003353 001334 0
001739 000556 0
003480 002438 0
003578 002627 0
004392 000904 0
003199 002555 0
003298 000332 0
002510 000907 0
003918 003438 0
003573 000292 0
000533 000206 0
003489 002211 0
003681 002006 0
000917 000530 0
003590 002993 0
001745 001688 0
004201 001507 0
003245 000255 0
003845 002136 0
003498 000889 0
003793 000214 0
003611 001455 0
004130 001807 0
002813 002703 0
004465 001909 0
003239 000538 0
003146 001165 0
000872 000692 0
003892 003368 0
004331 000871 0
003314 001152 0
002660 002596 0
004443 001389 0
004294 003718 0
003586 000521 0
004541 001511 0
001228 000938 0
004244 000203 0
004483 000834 0
003247 000677 0
003842 000020 0
004233 002134 0
002409 002007 0
001940 001752 0
004221 003259 0
004493 002806 0
003024 000397 0
001763 001253 0
004146 002309 0
004185 002412 0
001120 000486 0
003815 003031 0
004537 000067 0
003828 001954 0
004095 000185 0
002409 001625 0
004073 000464 0
003313 002310 0
003741 001955 0
004354 001993 0
004127 000474 0
004178 001741 0
004311 002421 0
003067 000612 0
001325 000414 0
004646 001208 0
002230 000352 0
002177 000181 0
002817 001955 0
004408 002170 0
002341 001065 0
003458 002550 0
001770 000074 0
002504 001944 0
001198 000895 0
003228 001261 0
003712 002614 0
004053 002576 0
004202 002361 0
003237 002562 0
001845 000137 0
004544 002314 0
002913 001360 0
003531 000118 0
003578 000395 0
003375 003007 0
003999 001079 0
004249 003127 0
002698 000717 0
004376 003827 0
001811 000944 0
001769 000626 0
003346 003271 0
003060 001630 0
002308 000539 0
001951 000173 0
003459 001832 0
002220 001352 0
002564 001782 0
003953 001627 0
003450 002721 0
003607 001990 0
004005 002755 0
003422 001187 0
001730 001218 0
002920 002231 0
001125 000147 0
001404 000027 0
004322 001420 0
004558 003569 0
002658 001555 0
004470 000378 0
001812 000381 0
004599 000390 0
004447 000996 0
004408 000353 0
004146 000655 0
002782 002728 0
004439 001263 0
003748 003498 0
000682 000021 0
002851 001076 0
002550 002436 0
004350 002530 0
002361 001787 0
004262 003282 0
002808 001380 0
002368 001458 0
003908 002991 0
004543 000245 0
002424 000317 0
001711 000370 0
003496 000744 0
003863 000510 0
002075 000352 0
003325 000907 0
002673 000806 0
003471 002074 0
003744 001297 0
003832 001224 0
001768 000192 0
002227 000421 0
004266 003393 0
001468 001073 0
002167 000615 0
003297 000397 0
003998 002571 0
002674 001098 0
002926 001803 0
002988 000052 0
003728 000613 0
003164 002804 0
001046 000044 0
002460 001981 0
003659 001977 0
003943 001535 0
004180 003954 0
004121 002979 0
001853 001694 0
000705 000242 0
004087 000054 0
002635 000105 0
001296 000113 0
004041 000625 0
003923 002992 0
003707 003609 0
001641 000438 0
004232 000050 0
003406 000376 0
004170 003582 0
002457 001718 0
001473 000322 0
004524 001462 0
003043 001724 0
001691 001478 0
003810 000975 0
004207 001763 0
002777 001687 0
004017 002084 0
000998 000473 0
004010 001563 0
004301 001048 0
002366 001445 0
001724 001003 0
001484 000806 0
001051 000295 0
001444 000848 0
003451 002724 0
002465 001154 0
004245 002838 0
004264 001960 0
001672 001209 0
002754 002525 0
003367 001958 0
003756 001506 0
001920 000325 0
003064 002570 0
002677 000417 0
001607 000204 0
003688 002169 0
004048 002151 0
004167 002587 0
002688 001033 0
004020 000084 0
003904 002351 0
004438 004304 0
004139 000384 0
001378 000044 0
004359 000678 0
002921 002208 0
004245 002557 0
001275 000746 0
002173 001342 0
002873 002209 0
002479 001314 0
001579 000904 0
003423 001330 0
003696 003366 0
003922 002340 0
001913 000231 0
001306 000780 0
003714 002637 0
003844 002763 0
004471 002644 0
000825 000749 0
004207 003709 0
003997 002466 0
004624 002831 0
002242 000399 0
003670 000434 0
003956 000370 0
002440 001438 0
001378 000305 0
001018 000176 0
003903 000710 0
001786 000067 0
004031 001422 0
002710 001515 0
003398 001510 0
002242 001567 0
004360 002392 0
004323 002825 0
002995 001547 0
004090 001947 0
003238 000815 0
004340 000007 0
000375 000046 0
004292 003311 0
003442 000462 0
003859 001591 0
002195 000751 0
004196 002121 0
004388 003259 0
001967 000557 0
004632 000587 0
002605 001061 0
003141 001053 0
002772 000554 0
002357 001290 0
003784 002072 0
003910 002962 0
003392 002155 0
001421 000236 0
003092 002249 0
004193 000963 0
003675 000550 0
003284 001743 0
002117 001546 0
003209 001528 0
004441 000765 0
004033 000883 0
003743 002170 0
003966 002217 0
002783 002382 0
003172 002080 0
001927 001752 0
002395 000614 0
001740 001652 0
004583 001349 0
001039 000218 0
003680 001106 0
001202 000328 0
004510 004365 0
002004 001459 0
002636 000069 0
003390 001553 0
003570 003409 0
002800 002487 0
001054 000774 0
002801 001648 0
003222 002696 0
003420 000168 0
003094 001515 0
001204 000843 0
001367 000476 0
000964 000873 0
004416 001540 0
003722 001030 0
004230 000787 0
003065 000038 0
003630 002799 0
002869 002127 0
003606 002177 0
001610 000684 0
004529 001633 0
003828 000173 0
003759 003311 0
002649 000653 0
004614 003236 0
004312 003680 0
002997 002533 0
003776 002146 0
000333 000196 0
002773 002406 0
004598 002307 0
003511 002181 0
004660 002366 0
004198 003407 0
001973 001339 0
001097 000219 0
002622 002160 0
003420 001624 0
003703 000162 0
002266 001086 0
003561 002125 0
004584 000539 0
003317 000565 0
004279 002959 0
000455 000177 0
002750 000036 0
002155 000231 0
004551 000483 0
003832 003378 0
004573 000141 0
003955 002115 0
004638 001187 0
004131 001563 0
003838 002253 0
004007 003267 0
003955 000094 0
004231 002785 0
001148 000841 0
004212 000319 0
001084 000689 0
004382 000492 0
003033 002244 0
003664 001819 0
002540 000741 0
004450 003841 0
004233 003061 0
003285 001987 0
000510 000311 0
004417 000637 0
004403 004079 0
004338 001165 0
004009 000260 0
000760 000379 0
003470 001486 0
004368 002675 0
001906 000777 0
003786 002771 0
003996 002664 0
003482 000586 0
003911 003130 0
002475 001938 0
001326 000483 0
002435 002343 0
004605 004414 0
004134 001137 0
002969 000234 0
001906 000119 0
003395 002819 0
003241 001987 0
001163 000194 0
001808 001491 0
002037 000275 0
002552 001899 0
