000894 000065 1
000959 000130 1
001078 000258 1
001097 000287 1
000901 000073 1
001058 000237 1
001090 000271 1
001061 000242 1
000837 000002 1
001010 000188 1
001014 000189 1
001067 000250 1
000960 000131 1
001074 000253 1
000896 000067 1
001039 000223 1
001028 000206 1
000833 000000 1
000883 000053 1
000994 000167 1
000958 000129 1
001048 000225 1
000953 000121 1
000986 000157 1
001016 000194 1
001086 000271 1
000874 000043 1
001029 000208 1
001084 000271 1
000847 000014 1
001050 000229 1
001010 000189 1
000961 000130 1
001066 000245 1
001057 000239 1
001083 000266 1
001022 000205 1
000908 000076 1
000997 000171 1
001092 000284 1
000890 000059 1
000938 000107 1
000873 000045 1
000968 000139 1
000872 000044 1
000841 000006 1
001012 000191 1
001049 000228 1
000902 000075 1
001073 000254 1
001075 000254 1
000993 000167 1
000921 000091 1
000907 000077 1
001029 000210 1
000964 000134 1
000911 000083 1
001061 000244 1
001078 000262 1
001090 000274 1
000915 000084 1
001094 000280 1
000926 000094 1
001035 000214 1
001033 000212 1
000997 000172 1
000995 000168 1
001063 000245 1
000918 000088 1
001094 000282 1
001051 000233 1
000858 000026 1
000870 000040 1
001006 000183 1
000877 000046 1
001084 000265 1
001092 000280 1
000844 000012 1
001038 000216 1
001095 000287 1
000849 000017 1
000864 000032 1
001072 000255 1
001078 000259 1
000930 000100 1
001067 000248 1
000957 000124 1
000972 000145 1
001007 000182 1
001016 000196 1
001052 000235 1
000986 000160 1
001085 000266 1
001070 000250 1
000892 000065 1
000855 000022 1
000881 000054 1
000944 000113 1
001099 000286 1
000975 000145 1
001041 000224 1
000954 000125 1
000957 000126 1
001067 000251 1
001088 000275 1
000955 000123 1
001031 000211 1
000924 000094 1
001071 000251 1
000952 000119 1
001051 000235 1
000930 000097 1
001045 000229 1
000991 000164 1
001042 000221 1
000978 000151 1
001092 000283 1
001031 000212 1
001010 000190 1
000874 000042 1
000933 000103 1
001033 000217 1
000914 000086 1
000873 000041 1
000956 000127 1
000943 000113 1
000856 000024 1
001081 000265 1
001067 000247 1
000987 000161 1
001077 000260 1
001026 000210 1
000878 000051 1
001041 000221 1
001086 000274 1
000882 000054 1
000940 000107 1
001084 000269 1
000912 000082 1
001096 000285 1
001090 000278 1
000932 000101 1
000854 000024 1
000912 000081 1
000928 000095 1
000976 000146 1
001020 000202 1
001082 000265 1
001073 000252 1
001077 000262 1
001056 000238 1
000876 000045 1
000921 000088 1
000846 000013 1
001088 000273 1
000998 000173 1
001035 000216 1
000917 000088 1
000984 000158 1
000944 000114 1
001082 000268 1
001065 000247 1
001040 000223 1
000881 000050 1
000903 000074 1
001090 000280 1
001049 000232 1
000948 000117 1
001045 000222 1
000928 000096 1
000931 000101 1
001094 000277 1
000857 000028 1
001089 000277 1
000969 000138 1
001051 000232 1
000887 000058 1
000868 000036 1
000851 000021 1
001031 000207 1
001019 000199 1
001054 000235 1
001012 000192 1
001092 000278 1
000980 000154 1
000836 000003 1
000962 000131 1
000917 000085 1
000884 000057 1
001079 000259 1
000960 000128 1
001043 000227 1
001057 000238 1
000948 000115 1
000866 000036 1
000896 000066 1
001054 000238 1
000870 000041 1
001078 000264 1
001075 000256 1
001042 000225 1
001073 000258 1
000846 000012 1
001090 000276 1
001097 000288 1
000872 000041 1
000950 000120 1
001063 000242 1
000893 000065 1
001087 000268 1
000956 000123 1
000896 000065 1
001005 000181 1
000860 000028 1
000868 000039 1
000961 000131 1
001008 000183 1
000985 000156 1
001034 000215 1
000943 000112 1
001088 000277 1
000994 000170 1
000963 000133 1
001013 000192 1
000942 000112 1
001093 000285 1
000965 000134 1
001081 000267 1
001006 000181 1
001090 000272 1
001044 000223 1
000871 000041 1
001076 000256 1
001042 000219 1
001078 000263 1
001051 000231 1
000880 000051 1
001059 000240 1
000849 000019 1
000856 000026 1
001082 000262 1
000875 000047 1
000982 000156 1
001053 000234 1
000984 000156 1
000930 000098 1
001062 000244 1
001053 000231 1
000873 000043 1
000988 000162 1
000913 000083 1
000847 000013 1
001008 000188 1
001031 000215 1
001078 000257 1
001000 000176 1
001045 000223 1
001044 000224 1
001084 000270 1
000966 000137 1
000960 000132 1
001066 000246 1
000978 000150 1
000937 000104 1
000858 000028 1
000992 000166 1
000922 000091 1
001009 000184 1
000838 000004 1
000879 000050 1
000949 000117 1
000999 000176 1
001088 000278 1
000852 000020 1
001039 000221 1
000840 000009 1
000842 000007 1
000993 000166 1
001018 000197 1
001053 000235 1
000891 000061 1
001051 000229 1
001030 000213 1
000961 000129 1
000910 000079 1
000867 000039 1
000869 000039 1
000895 000065 1
000892 000062 1
000969 000139 1
000899 000068 1
000961 000133 1
001020 000196 1
001093 000283 1
001091 000280 1
001029 000213 1
001096 000286 1
000888 000060 1
001004 000181 1
001042 000223 1
001006 000184 1
001047 000228 1
000837 000005 1
000835 000003 1
001034 000216 1
001095 000286 1
001021 000200 1
000838 000003 1
000909 000077 1
000910 000078 1
001039 000222 1
001077 000261 1
000986 000161 1
001079 000265 1
000893 000066 1
001025 000201 1
000933 000100 1
000854 000023 1
001028 000209 1
001028 000212 1
001063 000241 1
001059 000241 1
000877 000050 1
001090 000279 1
001058 000238 1
001032 000216 1
000969 000140 1
001049 000227 1
000901 000072 1
000923 000094 1
001041 000222 1
001050 000233 1
000962 000130 1
001036 000219 1
001017 000196 1
001019 000197 1
001057 000235 1
000893 000064 1
001087 000274 1
001060 000244 1
001003 000178 1
001083 000270 1
000946 000116 1
001069 000252 1
000970 000142 1
000891 000063 1
001017 000193 1
001046 000230 1
001098 000284 1
000844 000009 1
001008 000187 1
001027 000204 1
001024 000200 1
000862 000030 1
000879 000049 1
001075 000257 1
001017 000197 1
001084 000268 1
000986 000159 1
001091 000274 1
001077 000259 1
001046 000227 1
001088 000274 1
001029 000206 1
000923 000093 1
001081 000266 1
000842 000011 1
001093 000277 1
000975 000149 1
000845 000013 1
001075 000255 1
000985 000158 1
001019 000196 1
000945 000115 1
000953 000122 1
000914 000082 1
000926 000093 1
000914 000084 1
000911 000079 1
001035 000212 1
000945 000114 1
001032 000212 1
001068 000248 1
001024 000206 1
000951 000118 1
001059 000239 1
000950 000119 1
000915 000087 1
001010 000186 1
001086 000270 1
001047 000225 1
000916 000084 1
000947 000117 1
001047 000227 1
000844 000010 1
000871 000042 1
000919 000088 1
000972 000142 1
001072 000256 1
000996 000172 1
000962 000134 1
001003 000176 1
001084 000266 1
001007 000181 1
000891 000060 1
000910 000082 1
000976 000147 1
000995 000171 1
001043 000221 1
000891 000064 1
000844 000013 1
001023 000199 1
000971 000140 1
000943 000111 1
001084 000264 1
001034 000212 1
001079 000261 1
000878 000049 1
001052 000231 1
000943 000110 1
000935 000104 1
001034 000214 1
000995 000170 1
000949 000119 1
000901 000071 1
000853 000019 1
000843 000010 1
000936 000106 1
000848 000014 1
000858 000029 1
001048 000230 1
000860 000027 1
001050 000227 1
000857 000027 1
001055 000235 1
001020 000200 1
000980 000153 1
001020 000201 1
000987 000162 1
000927 000097 1
000856 000023 1
000907 000075 1
001041 000218 1
001074 000259 1
000864 000033 1
000875 000046 1
000892 000061 1
000994 000168 1
000995 000167 1
000944 000112 1
001090 000281 1
000983 000157 1
000998 000174 1
000980 000152 1
001038 000215 1
000951 000121 1
001054 000233 1
001001 000175 1
001021 000202 1
001069 000254 1
000903 000076 1
001016 000191 1
001044 000226 1
001040 000222 1
001077 000258 1
001013 000188 1
000859 000026 1
000899 000070 1
000886 000055 1
000850 000020 1
000919 000090 1
000912 000084 1
000900 000072 1
001065 000246 1
001030 000214 1
000871 000043 1
000955 000126 1
000875 000044 1
001079 000262 1
000842 000008 1
000939 000108 1
001002 000177 1
001034 000218 1
001023 000203 1
000956 000124 1
001013 000189 1
000977 000151 1
000939 000106 1
001079 000260 1
000867 000036 1
000899 000072 1
001048 000228 1
001040 000219 1
001096 000284 1
001094 000285 1
001037 000216 1
000937 000106 1
001053 000237 1
000933 000102 1
001025 000206 1
000917 000086 1
000963 000134 1
000845 000012 1
001047 000229 1
001048 000226 1
001023 000205 1
001002 000180 1
000958 000128 1
000987 000160 1
000998 000175 1
000886 000056 1
000941 000109 1
000853 000021 1
001087 000272 1
001011 000187 1
000957 000128 1
001017 000192 1
001036 000220 1
000982 000157 1
001093 000278 1
000901 000074 1
000941 000111 1
000998 000172 1
000854 000025 1
001013 000191 1
001007 000186 1
000846 000014 1
001029 000209 1
001006 000182 1
001005 000184 1
000906 000076 1
000973 000146 1
000934 000104 1
000936 000105 1
000969 000141 1
001054 000236 1
001061 000240 1
001088 000271 1
000872 000040 1
001066 000244 1
001027 000206 1
001036 000216 1
001081 000263 1
001069 000251 1
001007 000185 1
001031 000209 1
000902 000074 1
001028 000211 1
000975 000146 1
000955 000124 1
000945 000112 1
001041 000223 1
001097 000289 1
001004 000183 1
001098 000287 1
000947 000114 1
001049 000231 1
001049 000233 1
001013 000190 1
000860 000029 1
000952 000120 1
001066 000248 1
001079 000263 1
001087 000270 1
000878 000047 1
001010 000187 1
001088 000270 1
000966 000136 1
000864 000034 1
000848 000017 1
000881 000051 1
001029 000212 1
000893 000063 1
000992 000165 1
001011 000191 1
000953 000120 1
001038 000222 1
000977 000148 1
000938 000105 1
001036 000217 1
000894 000064 1
001017 000198 1
000916 000085 1
000923 000090 1
000966 000135 1
000839 000008 1
000935 000105 1
001077 000256 1
000934 000101 1
000851 000018 1
001014 000196 1
000906 000074 1
000971 000142 1
001086 000269 1
000854 000022 1
001011 000186 1
000969 000142 1
001077 000263 1
001048 000232 1
000999 000174 1
001046 000223 1
000897 000070 1
001058 000240 1
000970 000140 1
000891 000062 1
001070 000252 1
000866 000034 1
001009 000187 1
001063 000244 1
000992 000167 1
001087 000271 1
001018 000199 1
001045 000227 1
001018 000201 1
000970 000141 1
000885 000056 1
001091 000273 1
001062 000242 1
001032 000210 1
001096 000280 1
001075 000258 1
000936 000103 1
000911 000080 1
000889 000062 1
000968 000137 1
001093 000279 1
000862 000029 1
000984 000155 1
000898 000069 1
000850 000019 1
001086 000268 1
001032 000214 1
001092 000274 1
001067 000245 1
000896 000069 1
001037 000219 1
001036 000215 1
001012 000187 1
001045 000224 1
000977 000150 1
000998 000171 1
000882 000052 1
001017 000200 1
000966 000138 1
001062 000241 1
000971 000144 1
001075 000259 1
001026 000207 1
001047 000224 1
000929 000096 1
000947 000115 1
000862 000033 1
001048 000229 1
000865 000033 1
000857 000025 1
001072 000257 1
000935 000103 1
000855 000025 1
000975 000148 1
001092 000277 1
001094 000281 1
001049 000229 1
000990 000163 1
001004 000178 1
001023 000200 1
000882 000051 1
000990 000164 1
001052 000236 1
001089 000272 1
000949 000116 1
000845 000010 1
001039 000220 1
001054 000237 1
001097 000282 1
000848 000015 1
000859 000028 1
001001 000179 1
001095 000283 1
001025 000204 1
000942 000111 1
000898 000067 1
001066 000249 1
000975 000147 1
000888 000057 1
000863 000031 1
001094 000279 1
001077 000257 1
001017 000194 1
000867 000037 1
001051 000230 1
000852 000021 1
001027 000211 1
000956 000126 1
000864 000035 1
001044 000225 1
001064 000244 1
001041 000219 1
001003 000179 1
001064 000242 1
001041 000225 1
000997 000170 1
000970 000139 1
001066 000247 1
001085 000271 1
000936 000104 1
000868 000038 1
001015 000195 1
000853 000023 1
000843 000008 1
001016 000195 1
001074 000258 1
001005 000182 1
000996 000169 1
001093 000275 1
000948 000116 1
000834 000000 1
001011 000192 1
001089 000273 1
000908 000078 1
000993 000169 1
000859 000029 1
000932 000099 1
000883 000054 1
000855 000023 1
000920 000089 1
000947 000116 1
001093 000280 1
001039 000219 1
001081 000262 1
000981 000152 1
000918 000089 1
000913 000085 1
001027 000209 1
001014 000194 1
001058 000241 1
001076 000261 1
000849 000016 1
001096 000283 1
001024 000207 1
000973 000145 1
000861 000030 1
001043 000220 1
001012 000193 1
000931 000100 1
001094 000284 1
000900 000073 1
000984 000159 1
001026 000204 1
001084 000267 1
000950 000118 1
001019 000201 1
001040 000220 1
000837 000001 1
000951 000119 1
000919 000087 1
001018 000198 1
001094 000283 1
001037 000221 1
001040 000221 1
000835 000002 1
001033 000216 1
001071 000254 1
001080 000262 1
000858 000025 1
000925 000093 1
001091 000277 1
000919 000089 1
000888 000058 1
000946 000113 1
000861 000032 1
000990 000166 1
001089 000271 1
000907 000078 1
001097 000285 1
000869 000040 1
000890 000061 1
001002 000178 1
001069 000249 1
001051 000234 1
001088 000272 1
001034 000213 1
000922 000092 1
001021 000197 1
000977 000147 1
001018 000195 1
000904 000075 1
001052 000234 1
000835 000000 1
000878 000048 1
001057 000236 1
001044 000222 1
001042 000220 1
001068 000246 1
001050 000234 1
000927 000096 1
001072 000252 1
001062 000245 1
000839 000005 1
000922 000090 1
001037 000214 1
000974 000147 1
001064 000243 1
001087 000269 1
000866 000035 1
000875 000045 1
000928 000098 1
001073 000257 1
000851 000020 1
000884 000053 1
000974 000145 1
001000 000175 1
000887 000057 1
001040 000218 1
001090 000277 1
000839 000007 1
001096 000281 1
001096 000288 1
001038 000219 1
000843 000009 1
000997 000173 1
000901 000070 1
001023 000201 1
001030 000211 1
000908 000077 1
001073 000256 1
000842 000010 1
000874 000046 1
000881 000053 1
000955 000125 1
001084 000272 1
001019 000198 1
001032 000213 1
001042 000222 1
001024 000203 1
000899 000069 1
001018 000194 1
000978 000152 1
000967 000136 1
000861 000028 1
000833 000001 1
001057 000241 1
000933 000101 1
000913 000081 1
001056 000236 1
000898 000068 1
000920 000090 1
000844 000011 1
001042 000224 1
001058 000242 1
000890 000060 1
000889 000061 1
000895 000067 1
000983 000156 1
000903 000072 1
001011 000189 1
000895 000066 1
000900 000070 1
001022 000202 1
000999 000172 1
000932 000102 1
000970 000143 1
001012 000189 1
001020 000198 1
000897 000069 1
001033 000210 1
001059 000242 1
001092 000276 1
000871 000040 1
000988 000160 1
000979 000152 1
001015 000196 1
001036 000214 1
000927 000094 1
000882 000053 1
001091 000278 1
000897 000066 1
001071 000252 1
001052 000232 1
000841 000010 1
000923 000091 1
000905 000073 1
001022 000204 1
001016 000193 1
000920 000087 1
001083 000268 1
001086 000267 1
001074 000254 1
000904 000077 1
000954 000123 1
000888 000061 1
001092 000279 1
001043 000224 1
001014 000190 1
000903 000073 1
001078 000260 1
000967 000138 1
000839 000006 1
000988 000163 1
001068 000251 1
001000 000177 1
001088 000269 1
000878 000050 1
001028 000205 1
000989 000161 1
000849 000018 1
001087 000276 1
001026 000209 1
000866 000038 1
000939 000109 1
001067 000249 1
000840 000006 1
000863 000032 1
001057 000240 1
000982 000154 1
001015 000197 1
001024 000201 1
000967 000139 1
001098 000285 1
001089 000278 1
000874 000045 1
000847 000017 1
001088 000276 1
001047 000230 1
000887 000059 1
000951 000120 1
000872 000042 1
001038 000221 1
000832 000000 1
001049 000226 1
001076 000258 1
001030 000210 1
001035 000219 1
001029 000207 1
000854 000021 1
000976 000148 1
000963 000132 1
000874 000044 1
000986 000158 1
000892 000064 1
000996 000173 1
000995 000169 1
001093 000276 1
000911 000081 1
001068 000252 1
000981 000155 1
001097 000283 1
001085 000272 1
001004 000180 1
000873 000044 1
000939 000107 1
000852 000018 1
000991 000167 1
000843 000011 1
001025 000202 1
000877 000048 1
000887 000056 1
000978 000148 1
000883 000056 1
001021 000199 1
001085 000267 1
000984 000157 1
001092 000282 1
001011 000188 1
001070 000249 1
001015 000190 1
000915 000086 1
001080 000260 1
001005 000180 1
000954 000124 1
001057 000237 1
001091 000272 1
001030 000212 1
001061 000239 1
000990 000162 1
000955 000122 1
001092 000275 1
000908 000080 1
001047 000231 1
001037 000218 1
000905 000077 1
001046 000224 1
000902 000073 1
001073 000253 1
000964 000132 1
000870 000038 1
000893 000062 1
001028 000207 1
001076 000259 1
000873 000042 1
000879 000048 1
000914 000085 1
001086 000272 1
000908 000079 1
000948 000118 1
001014 000191 1
000889 000059 1
001016 000198 1
000906 000075 1
001031 000208 1
001021 000203 1
001069 000248 1
001071 000255 1
001060 000242 1
001083 000263 1
000859 000027 1
000861 000029 1
001029 000205 1
001002 000176 1
000859 000030 1
000884 000054 1
000989 000163 1
001080 000265 1
000924 000092 1
001072 000254 1
001056 000237 1
000938 000106 1
000865 000035 1
001058 000236 1
000996 000170 1
001072 000253 1
001097 000281 1
000905 000078 1
001065 000244 1
000961 000132 1
000987 000159 1
000938 000108 1
000894 000063 1
001013 000193 1
001047 000226 1
001095 000288 1
000934 000103 1
001082 000267 1
000877 000047 1
001014 000195 1
001054 000234 1
000886 000058 1
000860 000031 1
000937 000105 1
001027 000205 1
001043 000223 1
001064 000246 1
001061 000241 1
000985 000159 1
000913 000082 1
000851 000017 1
000928 000097 1
000836 000000 1
001046 000225 1
000866 000037 1
001093 000281 1
001001 000178 1
001091 000281 1
001054 000232 1
000937 000107 1
000906 000079 1
000989 000160 1
001028 000208 1
000875 000043 1
000983 000158 1
000853 000020 1
000942 000109 1
000972 000143 1
001095 000282 1
000849 000015 1
000836 000001 1
001008 000186 1
001006 000180 1
001039 000218 1
000987 000158 1
000911 000082 1
000847 000016 1
000898 000070 1
000924 000091 1
000915 000083 1
001050 000230 1
001002 000175 1
001026 000205 1
000999 000173 1
001036 000218 1
000952 000122 1
000932 000100 1
001094 000286 1
000845 000011 1
000964 000135 1
001060 000241 1
000952 000121 1
000907 000076 1
001012 000190 1
001089 000279 1
001059 000237 1
000838 000006 1
000973 000144 1
000994 000166 1
001045 000226 1
001024 000205 1
001041 000220 1
000872 000043 1
001083 000269 1
000918 000086 1
001002 000179 1
001060 000238 1
001086 000266 1
000957 000125 1
001071 000253 1
001053 000236 1
001020 000203 1
001071 000256 1
000916 000086 1
001040 000224 1
001001 000174 1
000885 000058 1
001026 000208 1
000982 000153 1
000957 000127 1
001039 000216 1
000974 000148 1
000988 000161 1
001023 000206 1
001043 000226 1
001033 000215 1
000880 000053 1
001030 000208 1
000915 000085 1
001078 000261 1
000853 000022 1
001032 000209 1
000838 000005 1
001082 000266 1
001074 000256 1
000906 000077 1
001030 000209 1
001098 000288 1
000871 000039 1
001025 000203 1
001085 000269 1
000930 000099 1
000925 000095 1
001046 000226 1
001080 000264 1
001022 000198 1
001085 000265 1
001055 000234 1
001093 000284 1
000967 000140 1
001081 000264 1
000976 000149 1
001050 000232 1
000909 000078 1
001022 000200 1
000983 000154 1
000972 000144 1
000971 000141 1
001033 000214 1
000922 000093 1
001007 000184 1
000963 000135 1
001055 000236 1
001056 000240 1
000993 000165 1
001095 000285 1
000847 000015 1
001085 000270 1
000862 000032 1
001022 000199 1
000992 000168 1
001011 000190 1
001060 000243 1
001028 000210 1
001065 000245 1
001082 000264 1
000869 000041 1
001074 000257 1
000850 000016 1
001065 000249 1
001029 000211 1
001016 000197 1
000865 000037 1
000838 000002 1
000919 000086 1
000958 000126 1
001080 000261 1
001012 000188 1
001024 000204 1
000944 000111 1
001019 000200 1
000877 000049 1
001085 000273 1
001055 000239 1
001034 000211 1
000886 000059 1
000925 000094 1
001087 000273 1
000842 000009 1
001053 000233 1
001038 000217 1
001083 000267 1
000917 000087 1
000863 000034 1
000916 000087 1
001017 000195 1
000921 000090 1
001015 000193 1
001091 000282 1
000840 000005 1
001037 000220 1
000894 000067 1
001086 000275 1
001056 000239 1
001068 000249 1
001016 000192 1
001003 000181 1
001001 000177 1
001046 000228 1
000909 000081 1
001095 000279 1
000981 000153 1
001062 000246 1
000852 000022 1
001069 000253 1
001004 000182 1
001015 000194 1
001007 000183 1
001068 000250 1
000885 000057 1
001081 000268 1
001022 000201 1
001056 000234 1
001087 000275 1
000910 000080 1
000946 000114 1
001044 000227 1
000904 000074 1
000918 000087 1
000921 000092 1
001000 000173 1
000889 000060 1
001064 000245 1
001069 000250 1
000921 000089 1
000909 000079 1
001044 000228 1
001035 000218 1
001091 000275 1
000959 000127 1
001099 000288 1
001008 000185 1
001090 000275 1
000983 000155 1
001039 000217 1
001095 000278 1
001095 000281 1
001044 000221 1
000870 000042 1
001046 000229 1
000959 000129 1
000979 000150 1
001052 000233 1
001017 000199 1
000837 000003 1
001048 000231 1
001010 000185 1
001065 000243 1
000864 000036 1
001019 000202 1
000862 000031 1
000941 000110 1
001050 000228 1
000846 000015 1
001025 000205 1
000879 000052 1
001018 000196 1
001043 000222 1
000992 000164 1
000876 000048 1
000962 000132 1
000881 000052 1
000974 000146 1
000902 000072 1
001028 000204 1
001064 000247 1
000929 000099 1
001005 000179 1
001089 000274 1
000925 000092 1
001027 000207 1
000900 000069 1
001031 000214 1
001021 000201 1
000905 000075 1
000855 000024 1
000897 000068 1
001063 000246 1
000885 000055 1
001025 000207 1
000941 000108 1
001015 000192 1
000863 000035 1
000909 000080 1
001096 000287 1
001018 000193 1
000880 000050 1
001085 000268 1
000867 000038 1
001025 000208 1
000956 000125 1
000848 000018 1
001092 000281 1
001043 000225 1
001064 000248 1
001021 000198 1
000922 000089 1
000926 000096 1
000856 000027 1
001037 000217 1
000835 000001 1
001055 000237 1
001006 000185 1
000935 000102 1
001031 000213 1
001082 000263 1
000929 000097 1
001066 000250 1
000929 000098 1
001089 000270 1
000958 000127 1
001015 000191 1
000834 000001 1
000912 000083 1
000840 000008 1
001089 000275 1
000953 000124 1
000850 000017 1
000950 000117 1
001070 000253 1
000953 000123 1
000964 000136 1
000889 000058 1
001034 000217 1
001019 000195 1
000979 000149 1
001049 000230 1
000993 000168 1
000906 000078 1
000850 000018 1
000869 000038 1
000968 000141 1
000988 000159 1
000960 000129 1
000985 000157 1
000900 000071 1
001058 000239 1
000968 000138 1
000974 000144 1
000907 000080 1
000982 000155 1
000912 000080 1
001095 000280 1
001050 000231 1
000968 000140 1
000880 000049 1
001063 000247 1
000976 000150 1
001035 000213 1
001099 000287 1
001061 000245 1
000924 000095 1
000895 000068 1
001030 000206 1
000848 000016 1
001061 000243 1
000855 000026 1
001027 000210 1
000857 000026 1
001086 000273 1
001027 000203 1
001090 000273 1
001020 000199 1
001080 000266 1
000841 000007 1
000887 000060 1
001042 000226 1
001036 000213 1
000870 000039 1
001020 000197 1
001004 000179 1
000949 000118 1
001055 000238 1
000879 000051 1
001031 000210 1
000886 000057 1
001067 000246 1
000841 000009 1
001048 000227 1
001013 000194 1
000971 000143 1
000902 000071 1
001062 000243 1
000836 000004 1
001026 000202 1
000845 000014 1
000960 000130 1
000994 000169 1
001071 000250 1
000945 000113 1
000867 000035 1
000965 000135 1
000865 000036 1
001045 000225 1
000913 000084 1
000876 000047 1
001060 000240 1
001076 000255 1
001038 000218 1
000841 000008 1
000991 000165 1
001098 000283 1
000950 000121 1
000914 000083 1
001003 000177 1
001093 000282 1
001014 000192 1
000989 000164 1
001022 000203 1
001075 000260 1
000985 000160 1
001023 000202 1
000973 000143 1
000861 000031 1
000954 000122 1
000964 000133 1
000952 000123 1
001030 000207 1
000959 000128 1
000946 000115 1
000846 000016 1
000890 000062 1
000999 000175 1
001045 000228 1
000905 000076 1
001053 000232 1
001096 000282 1
001009 000186 1
001026 000203 1
001070 000251 1
001037 000215 1
000997 000174 1
001083 000264 1
000991 000166 1
001070 000255 1
000963 000131 1
000895 000064 1
001014 000193 1
000927 000095 1
000869 000037 1
000898 000071 1
000965 000136 1
001098 000286 1
000836 000002 1
001074 000255 1
000997 000169 1
000931 000098 1
001065 000248 1
000907 000079 1
000991 000163 1
000888 000059 1
000904 000076 1
000839 000004 1
000978 000149 1
001032 000215 1
001079 000264 1
000954 000121 1
001032 000208 1
001076 000260 1
001052 000230 1
000940 000109 1
001009 000188 1
001055 000233 1
001083 000265 1
001040 000217 1
000996 000171 1
001097 000284 1
000837 000004 1
000858 000027 1
001076 000257 1
001021 000204 1
001035 000215 1
000923 000092 1
001056 000235 1
000892 000063 1
001097 000286 1
000885 000054 1
001032 000211 1
000884 000056 1
001073 000255 1
000843 000012 1
000903 000075 1
001059 000238 1
000884 000055 1
001001 000176 1
000899 000071 1
000981 000154 1
001005 000183 1
001024 000202 1
000883 000052 1
000857 000024 1
000990 000165 1
000931 000099 1
001027 000208 1
001003 000180 1
001009 000185 1
000868 000037 1
000977 000149 1
000965 000137 1
001082 000269 1
001091 000279 1
000865 000034 1
001023 000204 1
000876 000046 1
001060 000239 1
000942 000110 1
000851 000019 1
000920 000088 1
001009 000183 1
000856 000025 1
000996 000168 1
000882 000055 1
000896 000068 1
000962 000133 1
001033 000213 1
000979 000151 1
000852 000019 1
000897 000067 1
001000 000174 1
001094 000278 1
000979 000153 1
001059 000243 1
001091 000276 1
000916 000088 1
000863 000033 1
000940 000108 1
001018 000200 1
000868 000040 1
001026 000206 1
001068 000247 1
001009 000189 1
000910 000081 1
001098 000289 1
000904 000073 1
001035 000217 1
000951 000122 1
000880 000052 1
001038 000220 1
000924 000093 1
001008 000182 1
001080 000263 1
001081 000261 1
001033 000211 1
000883 000055 1
000905 000074 1
001070 000254 1
001089 000276 1
001063 000243 1
000840 000007 1
000989 000162 1
000934 000102 1
000940 000110 1
000920 000091 1
000834 000002 1
001062 000240 1
000860 000030 1
001008 000184 1
000926 000095 1
001072 000251 1
000894 000066 1
000967 000137 1
001095 000284 1
000980 000151 1
000890 000063 1
000994 000100 0
000807 000568 0
000526 000178 0
000461 000001 0
000881 000745 0
000422 000072 0
000859 000743 0
000299 000159 0
000380 000081 0
000214 000032 0
000914 000655 0
000785 000402 0
000681 000084 0
000733 000038 0
000422 000032 0
000790 000660 0
000984 000523 0
000671 000483 0
000731 000493 0
001089 000056 0
000540 000383 0
000783 000540 0
000612 000533 0
000481 000276 0
000827 000586 0
000530 000182 0
000587 000130 0
000720 000481 0
000898 000298 0
001092 000142 0
001036 000527 0
001076 000530 0
000360 000274 0
000888 000586 0
000814 000002 0
000417 000340 0
000981 000815 0
000391 000021 0
000979 000181 0
000290 000109 0
000731 000282 0
001063 000508 0
000497 000319 0
001038 000104 0
000553 000040 0
000899 000706 0
000346 000143 0
001038 000449 0
000387 000032 0
000981 000807 0
000994 000710 0
000730 000038 0
000206 000045 0
000850 000072 0
000917 000432 0
000609 000416 0
001079 000960 0
000461 000284 0
000658 000104 0
000930 000660 0
000300 000023 0
000446 000189 0
000916 000453 0
001019 000490 0
000500 000273 0
000530 000250 0
000512 000135 0
000812 000162 0
000705 000236 0
000752 000373 0
000399 000137 0
001065 000880 0
000949 000286 0
001077 000567 0
000706 000558 0
000908 000509 0
000863 000128 0
001059 000547 0
000597 000490 0
000626 000168 0
001073 000892 0
000892 000434 0
000520 000411 0
000882 000292 0
001032 000684 0
001007 000560 0
001086 001017 0
000878 000315 0
000606 000453 0
000877 000538 0
000976 000185 0
000863 000665 0
000671 000045 0
000803 000168 0
000913 000230 0
000979 000766 0
000380 000268 0
001089 000953 0
000569 000453 0
000712 000184 0
000419 000307 0
000955 000744 0
000447 000370 0
000959 000761 0
000930 000769 0
000679 000259 0
000991 000710 0
000601 000510 0
000537 000118 0
000964 000185 0
000580 000260 0
000984 000848 0
000532 000134 0
000876 000637 0
000693 000613 0
000469 000338 0
000592 000065 0
000745 000203 0
000676 000531 0
001075 000597 0
000707 000303 0
000896 000608 0
000846 000080 0
000959 000866 0
000911 000841 0
000449 000129 0
000759 000121 0
000202 000090 0
000599 000000 0
000444 000292 0
000991 000193 0
000950 000787 0
001019 000296 0
000927 000209 0
000826 000685 0
000432 000118 0
000858 000560 0
000730 000197 0
000784 000001 0
001087 000517 0
000620 000253 0
000634 000471 0
000893 000114 0
000663 000053 0
000753 000373 0
000806 000683 0
000698 000251 0
000762 000460 0
000386 000196 0
000906 000670 0
000972 000280 0
000499 000101 0
001073 000512 0
001011 000798 0
000597 000335 0
000403 000034 0
000859 000088 0
001066 000078 0
000583 000464 0
000711 000023 0
000914 000171 0
001088 000515 0
001011 000901 0
000741 000649 0
000795 000229 0
000371 000103 0
000733 000533 0
000772 000434 0
000709 000440 0
000946 000894 0
001049 000635 0
000190 000100 0
000768 000030 0
000658 000329 0
000878 000555 0
000772 000366 0
000990 000535 0
000919 000192 0
000629 000562 0
000826 000559 0
000954 000889 0
000897 000791 0
000618 000389 0
000789 000534 0
000580 000076 0
000292 000198 0
000992 000877 0
000487 000054 0
001051 000931 0
000530 000407 0
001079 000387 0
000421 000199 0
000933 000351 0
000820 000304 0
000823 000402 0
000931 000143 0
000892 000231 0
000818 000068 0
000637 000359 0
000602 000550 0
001074 000690 0
000920 000438 0
000219 000060 0
000623 000445 0
000693 000627 0
001073 000706 0
000700 000193 0
000767 000201 0
001048 000997 0
000680 000048 0
000941 000842 0
000859 000638 0
000595 000335 0
001059 000189 0
000801 000468 0
001010 000817 0
000307 000094 0
000269 000126 0
001029 000526 0
000527 000121 0
000690 000600 0
000774 000677 0
000300 000214 0
000282 000021 0
001093 000045 0
000579 000138 0
000896 000441 0
000956 000860 0
000922 000139 0
000751 000281 0
000647 000165 0
000578 000069 0
001014 000039 0
000908 000289 0
000514 000175 0
000658 000533 0
000966 000878 0
000913 000806 0
000951 000412 0
001015 000778 0
000510 000402 0
000752 000247 0
000384 000320 0
000555 000461 0
000990 000348 0
000441 000002 0
000767 000575 0
000881 000724 0
000716 000177 0
000296 000241 0
000342 000217 0
000835 000604 0
000618 000542 0
000877 000679 0
000446 000138 0
000462 000154 0
000587 000449 0
000972 000817 0
000669 000411 0
000396 000260 0
000423 000289 0
000334 000104 0
001064 000360 0
000753 000697 0
000223 000094 0
000296 000184 0
000854 000287 0
000633 000450 0
000749 000627 0
000596 000006 0
000801 000179 0
000580 000175 0
000308 000095 0
000528 000347 0
000248 000170 0
001026 000855 0
000452 000276 0
000425 000249 0
000586 000185 0
000820 000655 0
000723 000508 0
000365 000063 0
001039 000162 0
000420 000039 0
000499 000446 0
000762 000676 0
000674 000007 0
000218 000027 0
000463 000331 0
000799 000166 0
000636 000135 0
000524 000069 0
001019 000293 0
000881 000802 0
000290 000237 0
000905 000108 0
000811 000270 0
000523 000234 0
000753 000183 0
000379 000093 0
001097 000988 0
000699 000018 0
000623 000336 0
000851 000037 0
000321 000081 0
000700 000580 0
001006 000404 0
000905 000804 0
000854 000386 0
001024 000861 0
000661 000549 0
001028 000301 0
000692 000491 0
000529 000004 0
000672 000272 0
000962 000850 0
000961 000572 0
000884 000762 0
000380 000145 0
000653 000043 0
000469 000369 0
000891 000358 0
001036 000273 0
000625 000344 0
001077 000039 0
000690 000512 0
000508 000281 0
000674 000168 0
000782 000498 0
000700 000057 0
001047 000451 0
000903 000252 0
001070 000856 0
001019 000690 0
000636 000242 0
000906 000358 0
000868 000809 0
001071 000871 0
000686 000330 0
000667 000328 0
000613 000464 0
001037 000291 0
000691 000003 0
000451 000071 0
000700 000442 0
000485 000029 0
000961 000730 0
001036 000635 0
000252 000014 0
000551 000366 0
000533 000115 0
000081 000010 0
000701 000110 0
000696 000076 0
000659 000208 0
000097 000010 0
000280 000151 0
000929 000249 0
001085 000450 0
000931 000701 0
000829 000186 0
000634 000219 0
001051 000666 0
000453 000071 0
000813 000317 0
000894 000345 0
000790 000544 0
001009 000604 0
000484 000028 0
000930 000738 0
000875 000247 0
000992 000593 0
000464 000089 0
000945 000290 0
000389 000185 0
000573 000511 0
001059 000895 0
000981 000424 0
000866 000601 0
000974 000831 0
000322 000104 0
000486 000268 0
000642 000147 0
000858 000426 0
000662 000302 0
001096 000769 0
000754 000334 0
000435 000223 0
000327 000071 0
000963 000880 0
000589 000097 0
001040 000267 0
000861 000194 0
000986 000134 0
001085 000580 0
000992 000762 0
000856 000197 0
000678 000198 0
001040 000747 0
000710 000630 0
000624 000126 0
000925 000217 0
000549 000369 0
000426 000339 0
001025 000802 0
000863 000567 0
001065 000799 0
000717 000414 0
000804 000405 0
000886 000703 0
000540 000477 0
000941 000061 0
000251 000016 0
000309 000140 0
000807 000022 0
000863 000231 0
000228 000017 0
000890 000736 0
000778 000496 0
000953 000501 0
000818 000083 0
000940 000383 0
000560 000139 0
000177 000059 0
000851 000177 0
000247 000145 0
000733 000106 0
000573 000238 0
000812 000731 0
000731 000363 0
000766 000479 0
000758 000494 0
000720 000605 0
000625 000046 0
000318 000189 0
000514 000137 0
000964 000251 0
000857 000640 0
000224 000039 0
001077 000063 0
001033 000578 0
000591 000031 0
000353 000120 0
000664 000098 0
000968 000806 0
000599 000366 0
000706 000107 0
000945 000248 0
001009 000852 0
000167 000094 0
000544 000344 0
001097 001044 0
000573 000508 0
000643 000365 0
000640 000141 0
000959 000813 0
000142 000013 0
001000 000776 0
000743 000441 0
000793 000084 0
000734 000176 0
000478 000027 0
000933 000748 0
000415 000208 0
001044 000435 0
000399 000308 0
000644 000552 0
000756 000157 0
000268 000195 0
000991 000901 0
000628 000390 0
001056 000497 0
000821 000673 0
000498 000377 0
000923 000798 0
000822 000182 0
000113 000043 0
000502 000442 0
000683 000441 0
000932 000219 0
000582 000200 0
000536 000401 0
001045 000272 0
000613 000211 0
001090 000462 0
000535 000294 0
000756 000317 0
000535 000341 0
000549 000073 0
000879 000246 0
000888 000414 0
001072 000356 0
000895 000270 0
000661 000352 0
001074 000834 0
000654 000300 0
000700 000131 0
001092 000374 0
001094 000943 0
000725 000437 0
000433 000212 0
000834 000469 0
000805 000631 0
000995 000767 0
000440 000345 0
000946 000665 0
000615 000077 0
000722 000049 0
000492 000305 0
001053 000490 0
000442 000181 0
000631 000531 0
000499 000443 0
000999 000850 0
000506 000106 0
001013 000778 0
000725 000351 0
001005 000516 0
000852 000320 0
000659 000421 0
000378 000099 0
000587 000473 0
000800 000333 0
000656 000332 0
000792 000514 0
000970 000318 0
000671 000501 0
001038 000465 0
001063 000882 0
000528 000055 0
000931 000612 0
000860 000606 0
000824 000702 0
001004 000711 0
000618 000260 0
000670 000347 0
000705 000252 0
000524 000277 0
000655 000116 0
000664 000012 0
001014 000335 0
000627 000324 0
000958 000467 0
000381 000077 0
000560 000476 0
000894 000347 0
000717 000192 0
001069 000196 0
001054 000987 0
000917 000778 0
000891 000431 0
000586 000425 0
000691 000453 0
000995 000339 0
001062 000680 0
000932 000438 0
000494 000116 0
000863 000190 0
001021 000757 0
000817 000256 0
001072 000920 0
000204 000048 0
000952 000721 0
000916 000017 0
000699 000118 0
000957 000480 0
001035 000398 0
000986 000923 0
001091 000037 0
000650 000315 0
000968 000325 0
001082 000116 0
000306 000239 0
001093 000774 0
000592 000489 0
000279 000105 0
000890 000555 0
000979 000726 0
001008 000679 0
000859 000208 0
000790 000327 0
000683 000266 0
001069 000042 0
000661 000386 0
000783 000320 0
000142 000029 0
001082 000082 0
001002 000639 0
000422 000029 0
000890 000306 0
000633 000572 0
000541 000367 0
000403 000168 0
000460 000136 0
000754 000263 0
000813 000253 0
000989 000638 0
000796 000093 0
000794 000554 0
000584 000158 0
000828 000698 0
000855 000743 0
001052 000924 0
000839 000135 0
000966 000859 0
000956 000308 0
000813 000535 0
000815 000244 0
000349 000215 0
000716 000000 0
000410 000277 0
001084 000334 0
000909 000238 0
001029 000126 0
000685 000209 0
000695 000188 0
000528 000085 0
000716 000563 0
000737 000423 0
001065 000672 0
000861 000252 0
001045 000324 0
000477 000273 0
000577 000384 0
000984 000604 0
000707 000327 0
000322 000139 0
001029 000754 0
000910 000391 0
000297 000040 0
000640 000158 0
000743 000251 0
000596 000023 0
000740 000191 0
000983 000614 0
000867 000172 0
000651 000342 0
000783 000430 0
000486 000076 0
000257 000166 0
000346 000154 0
000490 000224 0
000959 000776 0
000772 000600 0
000897 000630 0
000660 000383 0
000424 000216 0
000436 000015 0
000408 000174 0
000684 000426 0
000921 000125 0
000862 000188 0
001042 000394 0
000916 000552 0
000571 000136 0
000454 000089 0
000923 000304 0
000401 000057 0
000329 000253 0
000985 000297 0
001082 000036 0
000682 000577 0
000318 000059 0
000258 000029 0
000445 000023 0
000516 000381 0
001071 000067 0
000470 000304 0
000503 000204 0
000692 000059 0
000902 000006 0
000672 000540 0
000663 000431 0
001087 000596 0
001022 000171 0
000893 000147 0
001034 000278 0
000405 000071 0
001058 000882 0
000587 000028 0
000788 000727 0
000591 000012 0
000662 000192 0
000509 000186 0
000727 000199 0
001021 000472 0
000778 000720 0
000696 000445 0
001001 000056 0
000397 000234 0
001072 000432 0
001071 000320 0
000799 000141 0
001039 000099 0
000911 000761 0
000099 000003 0
000876 000718 0
000536 000241 0
000471 000274 0
000135 000056 0
000585 000354 0
000825 000056 0
000356 000045 0
000859 000576 0
000763 000499 0
000818 000166 0
000723 000301 0
001038 000815 0
000864 000766 0
000595 000372 0
000958 000295 0
000664 000426 0
000991 000060 0
000976 000613 0
001097 000560 0
001070 000482 0
000828 000551 0
000499 000051 0
000698 000629 0
000807 000498 0
001069 000278 0
000908 000096 0
001000 000335 0
000273 000104 0
000620 000518 0
001098 000218 0
000959 000215 0
001008 000831 0
000734 000234 0
000501 000377 0
000582 000310 0
000561 000493 0
000763 000459 0
000477 000069 0
001027 000544 0
001041 000728 0
000897 000030 0
000411 000194 0
000683 000079 0
001071 000184 0
000713 000289 0
000878 000827 0
000930 000269 0
000700 000620 0
000807 000154 0
000590 000222 0
001094 000153 0
000884 000078 0
000596 000043 0
001071 000394 0
000776 000439 0
000866 000783 0
000968 000587 0
000847 000139 0
000822 000099 0
000776 000034 0
000996 000265 0
000809 000001 0
000789 000197 0
000722 000536 0
000967 000549 0
000136 000049 0
001025 000710 0
000945 000278 0
001054 000340 0
001040 000314 0
000608 000109 0
001006 000343 0
000653 000563 0
000485 000223 0
000478 000042 0
000770 000164 0
000601 000242 0
000477 000256 0
000724 000571 0
000883 000136 0
000449 000128 0
001022 000534 0
000753 000076 0
001097 000643 0
000645 000134 0
000453 000358 0
000924 000728 0
000366 000096 0
000838 000496 0
000714 000380 0
000771 000388 0
000410 000127 0
001034 000643 0
000640 000511 0
000746 000024 0
001054 000766 0
000970 000867 0
001097 000195 0
000328 000014 0
000631 000395 0
000840 000594 0
000840 000388 0
000911 000424 0
000950 000330 0
000688 000548 0
000785 000407 0
000893 000295 0
001081 000558 0
000800 000310 0
000769 000511 0
000776 000717 0
000689 000230 0
000959 000891 0
000619 000386 0
000939 000427 0
000652 000510 0
000939 000716 0
000556 000043 0
000215 000087 0
000958 000695 0
000939 000820 0
000898 000052 0
000606 000398 0
000726 000503 0
001017 000308 0
000529 000105 0
000369 000147 0
000487 000069 0
000740 000404 0
000920 000620 0
000628 000264 0
000703 000327 0
000710 000238 0
000921 000295 0
000897 000261 0
000985 000380 0
000723 000109 0
000836 000180 0
000879 000488 0
000706 000282 0
000826 000283 0
000455 000051 0
000840 000321 0
000769 000441 0
000733 000508 0
000943 000149 0
000615 000497 0
000789 000044 0
000941 000838 0
000858 000801 0
000764 000405 0
000436 000304 0
000890 000677 0
000723 000488 0
001064 000396 0
001077 000600 0
000885 000014 0
001014 000832 0
000832 000136 0
000256 000049 0
001024 000128 0
000893 000534 0
001017 000477 0
000453 000015 0
000640 000500 0
001012 000547 0
000816 000113 0
001076 000638 0
000537 000055 0
001096 000639 0
001016 000361 0
001006 000416 0
000352 000118 0
000813 000414 0
001007 000569 0
000952 000650 0
000473 000075 0
000598 000380 0
000372 000118 0
000840 000615 0
000986 000084 0
000881 000528 0
000863 000638 0
000988 000850 0
001017 000144 0
000173 000097 0
000847 000419 0
000786 000010 0
000931 000425 0
000534 000247 0
000543 000038 0
000300 000177 0
000936 000254 0
000751 000675 0
001020 000598 0
000620 000230 0
001035 000389 0
000959 000766 0
000519 000295 0
000624 000268 0
000632 000003 0
000651 000432 0
000948 000180 0
000818 000182 0
000962 000207 0
000800 000436 0
000686 000236 0
000307 000008 0
000623 000220 0
001064 000392 0
000983 000821 0
000691 000541 0
000687 000271 0
001037 000514 0
000971 000875 0
000767 000416 0
000907 000284 0
000478 000317 0
000341 000181 0
000277 000175 0
000783 000058 0
001051 000961 0
000465 000046 0
000751 000352 0
000738 000072 0
000698 000383 0
000568 000444 0
000914 000287 0
001013 000666 0
000548 000416 0
000496 000369 0
000685 000391 0
000732 000542 0
000633 000506 0
000944 000525 0
001095 000101 0
000546 000344 0
001007 000253 0
000675 000039 0
000529 000247 0
000487 000101 0
000511 000115 0
000701 000275 0
000250 000072 0
001069 000324 0
000642 000015 0
001016 000729 0
001081 000963 0
000649 000452 0
001048 000499 0
000345 000158 0
000933 000360 0
000928 000021 0
000537 000482 0
000741 000408 0
000797 000242 0
000904 000445 0
000707 000509 0
000798 000190 0
000609 000372 0
000713 000224 0
000869 000440 0
000692 000139 0
001048 000960 0
001044 000474 0
000616 000040 0
000851 000728 0
000585 000104 0
000456 000155 0
000868 000602 0
000479 000056 0
000786 000432 0
000437 000261 0
000408 000086 0
000992 000833 0
000249 000001 0
000546 000452 0
000779 000573 0
000515 000453 0
000560 000109 0
000600 000475 0
001004 000831 0
001096 000117 0
000726 000046 0
000355 000295 0
001026 000872 0
000537 000284 0
000928 000306 0
000433 000353 0
000741 000609 0
000817 000151 0
000800 000649 0
000261 000162 0
000650 000156 0
000726 000026 0
000801 000265 0
000904 000452 0
001024 000042 0
000994 000219 0
000481 000083 0
000683 000476 0
000570 000297 0
000901 000462 0
000362 000238 0
000944 000003 0
000980 000626 0
000939 000204 0
001070 000491 0
001031 000357 0
000257 000059 0
000734 000463 0
000701 000044 0
000925 000073 0
000481 000057 0
000145 000044 0
001010 000079 0
001070 000801 0
000849 000790 0
001028 000261 0
000666 000522 0
000607 000505 0
000822 000334 0
000930 000287 0
000572 000449 0
000927 000851 0
000570 000455 0
001065 000546 0
000453 000283 0
000688 000023 0
001092 000532 0
000620 000291 0
000397 000147 0
000468 000356 0
000649 000550 0
000886 000116 0
000950 000210 0
001066 000943 0
000697 000451 0
000843 000042 0
001009 000165 0
000890 000113 0
000865 000736 0
000967 000056 0
000413 000175 0
000773 000221 0
000320 000162 0
000991 000877 0
000452 000130 0
000861 000426 0
000253 000115 0
000774 000215 0
001045 000275 0
000639 000409 0
000724 000189 0
000543 000090 0
000878 000452 0
000629 000233 0
000748 000140 0
000419 000124 0
000463 000166 0
000910 000098 0
000706 000330 0
000600 000102 0
001034 000681 0
000735 000320 0
000748 000403 0
000842 000500 0
000654 000153 0
000840 000213 0
000951 000156 0
001028 000935 0
001077 000987 0
000490 000298 0
000433 000139 0
000759 000016 0
000934 000871 0
000453 000302 0
000847 000594 0
001061 000318 0
000473 000188 0
000468 000357 0
000946 000254 0
000768 000653 0
000608 000474 0
000814 000241 0
000636 000350 0
000824 000456 0
000864 000696 0
000383 000074 0
000336 000124 0
001025 000835 0
000658 000456 0
000954 000707 0
001082 000199 0
000649 000283 0
000631 000141 0
000474 000118 0
000868 000178 0
000196 000022 0
000291 000095 0
000834 000173 0
001080 000722 0
001043 000106 0
000334 000081 0
000737 000601 0
000687 000172 0
000099 000011 0
000181 000099 0
000879 000077 0
000889 000436 0
000489 000014 0
000574 000444 0
000365 000233 0
000789 000675 0
000949 000087 0
000183 000120 0
000721 000335 0
001034 000138 0
000304 000110 0
000197 000124 0
000667 000560 0
001047 000613 0
001026 000690 0
000468 000073 0
000793 000036 0
000640 000490 0
000876 000805 0
001020 000888 0
000761 000059 0
001074 000597 0
000173 000025 0
000183 000056 0
000876 000570 0
000844 000353 0
000576 000473 0
000736 000121 0
000688 000449 0
000437 000048 0
000450 000017 0
000672 000485 0
000779 000039 0
000102 000029 0
000966 000612 0
001066 000157 0
000899 000221 0
001068 000296 0
000942 000537 0
000739 000572 0
000103 000020 0
000620 000252 0
000702 000269 0
000781 000432 0
001055 000915 0
000750 000693 0
001032 000566 0
000481 000184 0
000977 000070 0
001071 000807 0
001062 000792 0
000593 000068 0
000693 000452 0
000978 000708 0
000862 000201 0
000993 000607 0
000791 000448 0
001050 000575 0
000873 000178 0
000545 000190 0
000639 000091 0
000888 000438 0
000590 000104 0
001076 000977 0
000957 000850 0
000248 000132 0
000703 000547 0
000972 000213 0
000319 000157 0
000731 000623 0
000937 000636 0
000603 000527 0
000938 000300 0
001044 000600 0
000771 000246 0
000716 000610 0
000245 000022 0
000214 000015 0
000299 000181 0
000850 000719 0
000692 000212 0
000657 000074 0
000739 000584 0
000912 000700 0
000775 000703 0
000847 000171 0
001068 000394 0
000878 000793 0
000886 000645 0
000809 000317 0
000927 000859 0
000915 000193 0
000625 000044 0
000802 000511 0
000994 000790 0
000735 000003 0
000804 000203 0
001067 000654 0
000763 000205 0
000979 000744 0
000776 000300 0
000717 000430 0
000858 000362 0
000979 000579 0
000930 000683 0
000598 000103 0
000729 000047 0
000961 000412 0
000574 000408 0
000274 000198 0
000529 000090 0
000715 000262 0
000997 000728 0
000810 000102 0
000580 000134 0
000502 000059 0
000996 000249 0
000335 000245 0
000772 000104 0
000529 000321 0
000776 000551 0
000925 000575 0
000655 000295 0
000533 000006 0
001087 000722 0
001012 000497 0
000647 000060 0
000478 000423 0
000575 000494 0
000304 000137 0
000887 000671 0
000825 000377 0
000525 000378 0
000613 000382 0
000604 000523 0
000913 000185 0
000695 000305 0
000942 000312 0
000802 000268 0
000992 000780 0
000468 000268 0
000989 000670 0
000379 000328 0
000647 000561 0
001004 000304 0
000566 000281 0
000504 000114 0
001089 000393 0
001002 000028 0
000564 000129 0
000843 000449 0
000711 000093 0
000705 000311 0
001033 000296 0
001045 000947 0
000827 000020 0
000104 000024 0
000767 000657 0
000183 000121 0
001084 000104 0
000734 000413 0
000423 000182 0
000630 000398 0
000942 000790 0
000910 000521 0
000687 000376 0
001029 000565 0
000630 000064 0
001064 000001 0
000920 000802 0
000788 000415 0
000390 000145 0
000722 000630 0
000944 000418 0
000951 000239 0
000395 000132 0
000478 000365 0
000589 000218 0
000642 000439 0
000431 000095 0
000941 000629 0
000389 000033 0
000303 000194 0
000746 000188 0
000210 000095 0
000715 000485 0
000608 000556 0
000678 000261 0
000925 000279 0
001093 000382 0
001073 000021 0
000933 000556 0
000876 000230 0
000938 000216 0
000896 000594 0
001091 000503 0
001020 000102 0
000698 000195 0
000274 000182 0
000675 000617 0
000950 000557 0
000917 000509 0
000992 000317 0
001019 000763 0
000812 000623 0
000892 000143 0
000357 000139 0
000751 000536 0
001018 000636 0
000747 000147 0
000866 000390 0
000832 000274 0
000864 000509 0
001062 000356 0
000533 000084 0
001092 000800 0
000904 000036 0
001100 000575 0
000624 000014 0
000662 000073 0
001002 000700 0
000964 000053 0
000611 000255 0
000473 000092 0
000717 000075 0
000571 000267 0
000867 000361 0
001018 000427 0
000972 000176 0
000417 000227 0
000747 000462 0
000958 000727 0
000878 000231 0
000598 000077 0
000262 000188 0
000560 000324 0
000606 000354 0
000541 000313 0
000592 000238 0
000725 000291 0
000657 000323 0
000684 000360 0
000758 000223 0
000758 000423 0
000665 000479 0
000719 000361 0
000390 000309 0
001094 000611 0
000753 000015 0
000722 000025 0
001031 000744 0
000947 000250 0
000505 000395 0
000961 000664 0
000898 000265 0
000963 000170 0
000298 000225 0
000961 000211 0
000524 000411 0
000616 000509 0
000812 000634 0
000982 000134 0
000248 000109 0
001010 000457 0
000779 000507 0
000665 000094 0
000193 000103 0
000789 000094 0
001021 000694 0
000416 000255 0
000727 000571 0
001005 000306 0
000752 000631 0
000760 000526 0
000709 000163 0
000726 000011 0
000650 000363 0
000317 000009 0
000329 000078 0
000587 000319 0
000398 000020 0
000743 000215 0
000199 000127 0
000740 000042 0
000444 000215 0
000462 000165 0
000895 000132 0
000705 000182 0
000561 000487 0
000745 000205 0
000821 000029 0
000834 000467 0
000675 000311 0
000465 000412 0
000984 000102 0
000796 000293 0
001049 000092 0
001040 000023 0
000923 000300 0
000617 000524 0
001022 000782 0
001067 000089 0
000785 000533 0
000813 000665 0
000834 000647 0
000623 000347 0
001098 000359 0
001052 000451 0
000298 000091 0
001095 000495 0
001035 000712 0
000895 000187 0
000442 000250 0
000899 000250 0
001053 000689 0
000741 000203 0
001023 000078 0
001090 000043 0
000663 000482 0
000925 000791 0
000820 000735 0
000686 000027 0
000330 000253 0
000640 000467 0
000922 000539 0
000903 000738 0
000962 000790 0
000338 000021 0
000799 000129 0
001049 000279 0
000529 000119 0
000637 000279 0
000449 000314 0
000940 000720 0
000552 000239 0
000883 000560 0
001096 000634 0
000462 000120 0
000495 000421 0
000812 000295 0
001098 000024 0
000921 000423 0
000733 000377 0
000394 000132 0
000395 000009 0
000926 000851 0
000720 000212 0
001054 000522 0
000481 000357 0
000729 000433 0
000757 000247 0
000722 000144 0
000973 000049 0
000759 000393 0
000462 000079 0
001027 000391 0
000928 000600 0
001059 000950 0
000888 000155 0
000809 000436 0
001075 000912 0
000299 000157 0
000753 000637 0
001085 000755 0
001029 000797 0
000548 000421 0
000969 000283 0
000786 000089 0
000761 000090 0
001088 000161 0
000621 000206 0
000887 000081 0
000746 000403 0
000307 000210 0
000949 000876 0
000935 000851 0
001069 000215 0
000809 000484 0
000244 000168 0
000939 000073 0
000868 000442 0
000990 000437 0
000268 000082 0
000823 000333 0
000179 000106 0
000925 000790 0
000563 000012 0
000893 000659 0
000373 000183 0
001097 000344 0
000906 000611 0
000796 000015 0
000727 000493 0
001006 000656 0
000947 000608 0
001075 000456 0
000451 000341 0
000845 000132 0
000902 000241 0
000542 000423 0
000610 000457 0
000495 000291 0
000688 000440 0
000564 000470 0
000929 000549 0
000706 000545 0
000695 000398 0
000191 000038 0
000720 000278 0
000855 000234 0
001095 000334 0
001093 000071 0
000443 000165 0
001030 000880 0
001011 000367 0
000546 000259 0
000235 000164 0
000649 000348 0
001071 000683 0
000969 000392 0
000706 000122 0
000808 000197 0
001069 000430 0
000339 000169 0
000797 000723 0
000841 000431 0
000720 000066 0
001093 000986 0
000635 000411 0
000992 000838 0
000700 000047 0
001022 000583 0
000739 000194 0
000584 000308 0
001065 000887 0
001021 000505 0
001084 000518 0
000885 000557 0
000899 000301 0
000846 000541 0
001063 000585 0
000982 000719 0
000452 000223 0
000953 000881 0
001016 000021 0
001017 000770 0
000795 000582 0
000890 000107 0
001043 000538 0
000257 000104 0
000903 000207 0
000765 000488 0
000398 000298 0
000165 000024 0
001036 000043 0
000376 000316 0
000775 000081 0
000653 000291 0
000654 000228 0
000979 000353 0
000942 000839 0
000947 000209 0
000761 000400 0
000371 000042 0
001048 000807 0
000459 000334 0
000439 000375 0
000636 000515 0
000223 000109 0
000470 000095 0
000869 000356 0
000903 000824 0
000738 000097 0
000837 000570 0
