001069 000024 1
001069 000018 1
000734 000655 1
000721 000665 1
000729 000662 1
000721 000667 1
000726 000661 1
000736 000662 1
000734 000668 1
000705 000650 1
000734 000649 1
000703 000646 1
000709 000653 1
000734 000665 1
000730 000677 1
000735 000672 1
000740 000678 1
000707 000649 1
001070 000018 1
000732 000652 1
001071 000029 1
001058 000002 1
000697 000644 1
000714 000647 1
000740 000687 1
001068 000003 1
000730 000663 1
001065 000021 1
001059 000015 1
000737 000657 1
001064 000024 1
001074 000018 1
000715 000642 1
001067 000028 1
000711 000659 1
000736 000681 1
000733 000657 1
000726 000658 1
000743 000686 1
000745 000680 1
001064 000007 1
001059 000010 1
001068 000018 1
000725 000651 1
001058 000006 1
000711 000648 1
000732 000655 1
000715 000644 1
000724 000658 1
000699 000643 1
000729 000670 1
001073 000029 1
000720 000643 1
001068 000012 1
001064 000017 1
000735 000682 1
000740 000656 1
000739 000684 1
000713 000644 1
001068 000020 1
001064 000020 1
000727 000657 1
000736 000672 1
001070 000017 1
001056 000001 1
001065 000007 1
000714 000649 1
001078 000031 1
001078 000025 1
001066 000007 1
000727 000645 1
000725 000652 1
000720 000649 1
000727 000648 1
000710 000652 1
001070 000014 1
000743 000675 1
000713 000643 1
000734 000656 1
001067 000000 1
001070 000012 1
000744 000662 1
000717 000649 1
000728 000668 1
001058 000011 1
000738 000665 1
000731 000672 1
000705 000651 1
000713 000647 1
000724 000662 1
001070 000030 1
001069 000028 1
000745 000667 1
001067 000009 1
000738 000672 1
000731 000655 1
000727 000653 1
001079 000027 1
000719 000659 1
001064 000012 1
000731 000658 1
000726 000664 1
000710 000643 1
000726 000674 1
001078 000027 1
000723 000652 1
000733 000681 1
000709 000648 1
000704 000650 1
000740 000676 1
000740 000662 1
000731 000669 1
000730 000662 1
000745 000666 1
000728 000647 1
000731 000645 1
000719 000650 1
001060 000005 1
000724 000650 1
001070 000025 1
000704 000653 1
000733 000662 1
000735 000646 1
000698 000647 1
000712 000661 1
000745 000672 1
000740 000660 1
000725 000658 1
000723 000667 1
000741 000667 1
000735 000670 1
001078 000024 1
000727 000654 1
000738 000658 1
000712 000643 1
000745 000669 1
000700 000642 1
000720 000646 1
000738 000660 1
000717 000659 1
000698 000643 1
000703 000643 1
000728 000676 1
000728 000656 1
000709 000647 1
001058 000010 1
000737 000668 1
001070 000024 1
000727 000650 1
000722 000654 1
000744 000677 1
001060 000001 1
001076 000020 1
000726 000667 1
000742 000659 1
001065 000018 1
000741 000678 1
000719 000643 1
001059 000016 1
000736 000673 1
000727 000644 1
000702 000642 1
000718 000661 1
000706 000645 1
000735 000661 1
000696 000644 1
000724 000659 1
001065 000017 1
000726 000646 1
001061 000020 1
000733 000670 1
000738 000661 1
000744 000686 1
000730 000651 1
001056 000009 1
001074 000029 1
001061 000019 1
000732 000650 1
000706 000651 1
000741 000653 1
000717 000646 1
000731 000650 1
000727 000665 1
000729 000671 1
000714 000655 1
000696 000642 1
000730 000655 1
000725 000673 1
001063 000003 1
001072 000020 1
000708 000657 1
000745 000678 1
000705 000648 1
000715 000643 1
001069 000005 1
000719 000662 1
000736 000679 1
000730 000649 1
001073 000028 1
000736 000650 1
001070 000008 1
000721 000657 1
000722 000663 1
000726 000666 1
000723 000664 1
000733 000650 1
000726 000655 1
001065 000006 1
000727 000668 1
000729 000654 1
000745 000690 1
000715 000657 1
000704 000642 1
000720 000655 1
000733 000680 1
000740 000673 1
000741 000689 1
000740 000663 1
000723 000643 1
000735 000662 1
000743 000681 1
001062 000017 1
001058 000013 1
000726 000675 1
000716 000644 1
000702 000644 1
001065 000011 1
001066 000011 1
001054 000004 1
000722 000669 1
000730 000673 1
001065 000013 1
000727 000675 1
000745 000675 1
001073 000019 1
000722 000642 1
001068 000023 1
000741 000682 1
000737 000647 1
001054 000000 1
000710 000650 1
000730 000646 1
001070 000023 1
000715 000656 1
001068 000028 1
000716 000652 1
001069 000027 1
000713 000662 1
000737 000667 1
000728 000654 1
000731 000643 1
000736 000651 1
000737 000683 1
000725 000644 1
000701 000645 1
000731 000676 1
000737 000654 1
000722 000645 1
000741 000679 1
001073 000023 1
000715 000654 1
000721 000647 1
000735 000658 1
000745 000662 1
000729 000649 1
000720 000665 1
001062 000003 1
000724 000649 1
001067 000003 1
000738 000652 1
000745 000682 1
000731 000680 1
000718 000657 1
000727 000643 1
000735 000667 1
000701 000644 1
001069 000021 1
000744 000693 1
000735 000678 1
001055 000000 1
000716 000660 1
000717 000664 1
001069 000010 1
000720 000667 1
000715 000662 1
000712 000647 1
000726 000663 1
000727 000676 1
000734 000645 1
000721 000648 1
001060 000004 1
000730 000652 1
001056 000005 1
000733 000647 1
001058 000012 1
000725 000657 1
001066 000025 1
000701 000647 1
000728 000674 1
001072 000019 1
000728 000677 1
000731 000649 1
001064 000000 1
001066 000014 1
001061 000006 1
000736 000675 1
000733 000644 1
000728 000663 1
000707 000644 1
001077 000023 1
000741 000668 1
001072 000021 1
000711 000655 1
001065 000005 1
001066 000012 1
000711 000645 1
000721 000658 1
000738 000676 1
000745 000664 1
000700 000648 1
000721 000654 1
001060 000012 1
000742 000677 1
000719 000644 1
000728 000650 1
000718 000664 1
001055 000005 1
000737 000655 1
000734 000652 1
001073 000031 1
001059 000004 1
000727 000652 1
000743 000676 1
000726 000665 1
000717 000657 1
000734 000679 1
000730 000645 1
001070 000011 1
000717 000648 1
000743 000687 1
000708 000651 1
000743 000659 1
000723 000642 1
000742 000663 1
001062 000010 1
000713 000649 1
001074 000021 1
001071 000018 1
000720 000658 1
001066 000023 1
000741 000656 1
000699 000647 1
001075 000019 1
000693 000642 1
001060 000007 1
001060 000003 1
000744 000661 1
001052 000001 1
000739 000686 1
000732 000668 1
000718 000650 1
000742 000660 1
000735 000655 1
001062 000021 1
000735 000668 1
000745 000686 1
000734 000669 1
000742 000664 1
000728 000661 1
000736 000646 1
000735 000659 1
001065 000024 1
000726 000643 1
000737 000669 1
001077 000025 1
000735 000654 1
000736 000659 1
001066 000019 1
000722 000660 1
000714 000648 1
000729 000644 1
001072 000014 1
000727 000673 1
001063 000021 1
001062 000011 1
001072 000017 1
000732 000680 1
000712 000656 1
000732 000649 1
000719 000645 1
001057 000007 1
001053 000003 1
000739 000673 1
000720 000656 1
000722 000655 1
001077 000021 1
000718 000646 1
000712 000644 1
000721 000650 1
000740 000683 1
001065 000022 1
000701 000648 1
000709 000651 1
000706 000642 1
000730 000678 1
001062 000013 1
000735 000649 1
000725 000664 1
000718 000656 1
000706 000641 1
000725 000666 1
000724 000656 1
000741 000655 1
000711 000649 1
000742 000662 1
000719 000668 1
000745 000687 1
000717 000650 1
000707 000652 1
000733 000656 1
000711 000650 1
000738 000662 1
000712 000659 1
000702 000646 1
000716 000658 1
001069 000023 1
001055 000003 1
000717 000651 1
001064 000006 1
000697 000641 1
001067 000026 1
001068 000011 1
000742 000670 1
000728 000648 1
001077 000024 1
000722 000670 1
000711 000660 1
000695 000644 1
000709 000643 1
000728 000664 1
000725 000648 1
000745 000676 1
000742 000689 1
000726 000669 1
001068 000019 1
000728 000660 1
000732 000671 1
000714 000660 1
000721 000662 1
001073 000018 1
001056 000008 1
000722 000659 1
000713 000661 1
000732 000644 1
001057 000013 1
000721 000641 1
000743 000658 1
001055 000007 1
000706 000646 1
000742 000668 1
001056 000003 1
000738 000669 1
001063 000022 1
000736 000667 1
001058 000014 1
000734 000664 1
000741 000665 1
000728 000673 1
000713 000645 1
000704 000644 1
001075 000031 1
000738 000659 1
000743 000682 1
000725 000661 1
000724 000664 1
001056 000000 1
000729 000652 1
000740 000675 1
000735 000647 1
000736 000670 1
000719 000642 1
000710 000659 1
001074 000022 1
000711 000652 1
001063 000012 1
001071 000028 1
000731 000670 1
000712 000650 1
000723 000668 1
000730 000674 1
000711 000651 1
001079 000026 1
000742 000674 1
001061 000003 1
000736 000653 1
000742 000682 1
000727 000647 1
000735 000681 1
000729 000678 1
000744 000680 1
000737 000665 1
000703 000648 1
000732 000647 1
000732 000675 1
000726 000662 1
000701 000646 1
000723 000669 1
000740 000661 1
000714 000644 1
000725 000659 1
000719 000653 1
000727 000656 1
000724 000647 1
000738 000674 1
000696 000641 1
000724 000663 1
000720 000660 1
000720 000664 1
000711 000647 1
000704 000645 1
000732 000667 1
000722 000668 1
001067 000012 1
000732 000643 1
000730 000658 1
000700 000644 1
000744 000659 1
000744 000685 1
000721 000659 1
000740 000688 1
000732 000659 1
000724 000648 1
000742 000669 1
000744 000670 1
000737 000664 1
000727 000658 1
001070 000022 1
000719 000663 1
001077 000030 1
000738 000657 1
001079 000029 1
000734 000680 1
000734 000662 1
000743 000677 1
000741 000671 1
001052 000000 1
000708 000652 1
000739 000662 1
000740 000668 1
001071 000030 1
000718 000644 1
000732 000669 1
000708 000646 1
000739 000668 1
000741 000652 1
001067 000021 1
000738 000651 1
000712 000660 1
001063 000002 1
000718 000663 1
000725 000672 1
000717 000660 1
000732 000654 1
000734 000651 1
001078 000023 1
000695 000642 1
000704 000648 1
001070 000016 1
001076 000028 1
000731 000678 1
001070 000029 1
001054 000003 1
000707 000643 1
000736 000649 1
000733 000672 1
000737 000660 1
001060 000006 1
000738 000682 1
000714 000654 1
001060 000018 1
000724 000642 1
001076 000031 1
000738 000677 1
001057 000011 1
000720 000653 1
000731 000656 1
001066 000005 1
000725 000655 1
000737 000662 1
000718 000659 1
000743 000670 1
000721 000644 1
000716 000650 1
000710 000646 1
000735 000671 1
000734 000667 1
000730 000644 1
001065 000001 1
000701 000650 1
000722 000653 1
000738 000685 1
001067 000011 1
000717 000644 1
001058 000007 1
000723 000641 1
000728 000642 1
001066 000006 1
001069 000020 1
000711 000641 1
000722 000641 1
001071 000027 1
000715 000664 1
000726 000671 1
000732 000678 1
000704 000649 1
001078 000029 1
000713 000651 1
000734 000681 1
001062 000004 1
001071 000022 1
001067 000014 1
000709 000657 1
000717 000652 1
001066 000026 1
001066 000009 1
001065 000012 1
000730 000666 1
000717 000645 1
000743 000674 1
000734 000654 1
000717 000642 1
000704 000647 1
000697 000645 1
000741 000675 1
001064 000002 1
000708 000650 1
000742 000687 1
000716 000651 1
000711 000646 1
000700 000646 1
000709 000654 1
000725 000643 1
000736 000658 1
000732 000679 1
000737 000681 1
001073 000017 1
000717 000658 1
000741 000666 1
000741 000662 1
000743 000691 1
000717 000661 1
000706 000647 1
001063 000001 1
000744 000678 1
000739 000688 1
000736 000676 1
000703 000650 1
000726 000652 1
001069 000009 1
001063 000023 1
000743 000679 1
000715 000651 1
000744 000660 1
001063 000009 1
001078 000028 1
000735 000679 1
000707 000645 1
000733 000653 1
001069 000022 1
000718 000647 1
000729 000676 1
000739 000671 1
000715 000655 1
000694 000642 1
001074 000026 1
000721 000649 1
000727 000659 1
001057 000004 1
000726 000647 1
001072 000022 1
001066 000002 1
000740 000651 1
001059 000014 1
000712 000641 1
000744 000679 1
000740 000669 1
000715 000660 1
000738 000649 1
000699 000648 1
000739 000687 1
000730 000657 1
000734 000676 1
001066 000027 1
000745 000688 1
000724 000667 1
000727 000664 1
001067 000007 1
000742 000665 1
000744 000672 1
001068 000027 1
000730 000669 1
000710 000641 1
000715 000648 1
000734 000678 1
000738 000681 1
000714 000652 1
001063 000005 1
000729 000648 1
000725 000654 1
000725 000671 1
000712 000658 1
001074 000025 1
000722 000667 1
000742 000676 1
000738 000687 1
000723 000657 1
000742 000672 1
000700 000641 1
000725 000646 1
001073 000024 1
000739 000655 1
000713 000656 1
000730 000653 1
001059 000002 1
000745 000674 1
001064 000013 1
000728 000644 1
000738 000653 1
001062 000001 1
000723 000656 1
000715 000650 1
001059 000011 1
001059 000000 1
001068 000005 1
000740 000689 1
000705 000645 1
000723 000649 1
000739 000667 1
000712 000645 1
000716 000657 1
000736 000657 1
000724 000660 1
000722 000658 1
000728 000645 1
001065 000015 1
001067 000027 1
000730 000647 1
000736 000680 1
000723 000658 1
000741 000660 1
000739 000676 1
000737 000649 1
000720 000645 1
001067 000022 1
000738 000675 1
001062 000005 1
001072 000025 1
000745 000683 1
000720 000657 1
000714 000657 1
000729 000660 1
001053 000002 1
000736 000666 1
000711 000643 1
001060 000011 1
000743 000684 1
000725 000656 1
000745 000677 1
000740 000659 1
000697 000643 1
001065 000002 1
000727 000674 1
000738 000678 1
000704 000643 1
000710 000645 1
000718 000642 1
000741 000670 1
000732 000656 1
001056 000010 1
001075 000018 1
000714 000646 1
000718 000643 1
001057 000005 1
000722 000661 1
000734 000646 1
001056 000011 1
001069 000011 1
000710 000649 1
000724 000644 1
001065 000016 1
000733 000669 1
000716 000646 1
001076 000030 1
000696 000645 1
001059 000008 1
000707 000651 1
000722 000657 1
000713 000658 1
000715 000659 1
000714 000662 1
000732 000677 1
000698 000645 1
000734 000677 1
000708 000642 1
000739 000657 1
001066 000015 1
000733 000661 1
000706 000650 1
001069 000029 1
000740 000685 1
000712 000654 1
000732 000645 1
000743 000655 1
000731 000661 1
001075 000020 1
001058 000004 1
001074 000031 1
000744 000666 1
000741 000659 1
000718 000653 1
000724 000665 1
000723 000670 1
000741 000657 1
001078 000026 1
000740 000680 1
000717 000665 1
000723 000662 1
000729 000666 1
000711 000657 1
001064 000015 1
001074 000020 1
000738 000668 1
001056 000007 1
000720 000669 1
000745 000691 1
001061 000000 1
001073 000022 1
001059 000001 1
001067 000025 1
000734 000650 1
000715 000645 1
001075 000021 1
000713 000657 1
001076 000029 1
000736 000655 1
000708 000655 1
000728 000659 1
001064 000025 1
000702 000649 1
000725 000642 1
000733 000674 1
000729 000647 1
001066 000003 1
001070 000015 1
000727 000651 1
000719 000656 1
000733 000665 1
000737 000675 1
000736 000664 1
001070 000028 1
000712 000648 1
000744 000683 1
001054 000002 1
000720 000648 1
000709 000641 1
001069 000025 1
001075 000023 1
000736 000656 1
000721 000666 1
001074 000028 1
000724 000671 1
000725 000653 1
000724 000651 1
000738 000679 1
000738 000683 1
001061 000009 1
000695 000643 1
001078 000030 1
000700 000645 1
000702 000650 1
001058 000005 1
001070 000009 1
001068 000013 1
001072 000018 1
000727 000661 1
000737 000650 1
000740 000666 1
000733 000660 1
000742 000657 1
001073 000021 1
001072 000016 1
001059 000006 1
000726 000649 1
001063 000000 1
000739 000661 1
000730 000654 1
001069 000014 1
000719 000648 1
001063 000010 1
000708 000654 1
001053 000000 1
000715 000646 1
000741 000683 1
000722 000643 1
000698 000644 1
001071 000016 1
000732 000676 1
001066 000004 1
000739 000650 1
000720 000662 1
000712 000651 1
000724 000672 1
000741 000654 1
001066 000017 1
000735 000663 1
001063 000013 1
001072 000028 1
000723 000666 1
000737 000674 1
000743 000671 1
001076 000024 1
000743 000656 1
000729 000668 1
000712 000653 1
000725 000649 1
000701 000641 1
001068 000021 1
000713 000642 1
000717 000654 1
000719 000667 1
000731 000652 1
000733 000646 1
000721 000660 1
000713 000648 1
000714 000645 1
000733 000667 1
000724 000657 1
001071 000025 1
000722 000650 1
000740 000652 1
001055 000006 1
000724 000668 1
000712 000652 1
000740 000684 1
000726 000642 1
001055 000001 1
000734 000670 1
000730 000656 1
000738 000655 1
000729 000651 1
000716 000662 1
001072 000013 1
000703 000649 1
000720 000661 1
001067 000005 1
001068 000025 1
000725 000647 1
001077 000031 1
001067 000024 1
000720 000651 1
001058 000001 1
000720 000650 1
000729 000657 1
001063 000019 1
000743 000661 1
000738 000680 1
000743 000689 1
000731 000646 1
000733 000676 1
000704 000652 1
001074 000019 1
000728 000657 1
000731 000660 1
001068 000016 1
000709 000642 1
000733 000677 1
001068 000024 1
000742 000686 1
000727 000642 1
001072 000024 1
000740 000667 1
000741 000677 1
000742 000666 1
000727 000672 1
000737 000656 1
001057 000008 1
000727 000669 1
000705 000642 1
000706 000644 1
000742 000680 1
000726 000673 1
000729 000674 1
000740 000650 1
000744 000676 1
000737 000684 1
001064 000018 1
001059 000007 1
000729 000661 1
001057 000010 1
001061 000014 1
000723 000660 1
000733 000645 1
000730 000643 1
000722 000656 1
001075 000027 1
001071 000010 1
001061 000013 1
000742 000678 1
000737 000686 1
000698 000641 1
000737 000658 1
000716 000661 1
000713 000653 1
000736 000684 1
000714 000663 1
001075 000022 1
001055 000008 1
001071 000017 1
000729 000643 1
001065 000009 1
000726 000654 1
000697 000642 1
000731 000648 1
001070 000013 1
000713 000641 1
000693 000641 1
000739 000679 1
001061 000004 1
000727 000667 1
000730 000668 1
000733 000651 1
000742 000655 1
001057 000002 1
000713 000654 1
000740 000670 1
000706 000652 1
000709 000650 1
000721 000656 1
001070 000021 1
001074 000023 1
001066 000013 1
000736 000678 1
000728 000662 1
000742 000684 1
000728 000655 1
001075 000025 1
000713 000659 1
001057 000006 1
000723 000650 1
000726 000644 1
000742 000681 1
000738 000666 1
000739 000666 1
000716 000649 1
000721 000663 1
000722 000666 1
000734 000683 1
000735 000651 1
000724 000652 1
000737 000679 1
001062 000009 1
001068 000017 1
000724 000643 1
000694 000641 1
000744 000674 1
000741 000686 1
000736 000682 1
000744 000687 1
000718 000665 1
000739 000682 1
000739 000651 1
001079 000030 1
000739 000665 1
000724 000670 1
000732 000665 1
000723 000653 1
000716 000648 1
000719 000660 1
000740 000677 1
000731 000653 1
000722 000644 1
000735 000674 1
000704 000651 1
001064 000011 1
000724 000654 1
000728 000671 1
000708 000647 1
000719 000647 1
000696 000643 1
000743 000690 1
001062 000018 1
000740 000674 1
000725 000665 1
001068 000007 1
000722 000647 1
000720 000654 1
001075 000030 1
000733 000655 1
001071 000014 1
000745 000694 1
001077 000028 1
000718 000658 1
000726 000659 1
000732 000660 1
000745 000693 1
001066 000022 1
000745 000663 1
001062 000014 1
000710 000656 1
001071 000023 1
000714 000658 1
001067 000020 1
001067 000008 1
001057 000001 1
001066 000024 1
001077 000026 1
000732 000663 1
000701 000649 1
000745 000668 1
000709 000644 1
000730 000671 1
000703 000652 1
000742 000673 1
001056 000006 1
001063 000014 1
000716 000654 1
000713 000655 1
000733 000679 1
001075 000029 1
001058 000000 1
000721 000652 1
000738 000648 1
000732 000664 1
001065 000020 1
000744 000688 1
000732 000661 1
000732 000653 1
000710 000657 1
001061 000018 1
001069 000008 1
000745 000692 1
000742 000688 1
000714 000656 1
000703 000647 1
000733 000659 1
000735 000650 1
000741 000673 1
000723 000665 1
000735 000669 1
001063 000011 1
000699 000646 1
000702 000645 1
000741 000685 1
000735 000680 1
000733 000663 1
000739 000652 1
001063 000017 1
000723 000654 1
001059 000012 1
000729 000650 1
000723 000663 1
000737 000659 1
000727 000663 1
000735 000664 1
001074 000016 1
000731 000666 1
000731 000679 1
000725 000663 1
000728 000665 1
000733 000652 1
000708 000641 1
001061 000001 1
001065 000003 1
000731 000665 1
000743 000666 1
001069 000017 1
001070 000019 1
000709 000652 1
000719 000641 1
000737 000651 1
000741 000672 1
000726 000657 1
000744 000657 1
000706 000643 1
000731 000657 1
000737 000682 1
001065 000025 1
000736 000660 1
000739 000674 1
001076 000023 1
000743 000672 1
001068 000009 1
000722 000652 1
001065 000008 1
000734 000661 1
001062 000022 1
001066 000001 1
001071 000013 1
000719 000654 1
000740 000653 1
000732 000662 1
001067 000002 1
001072 000012 1
000730 000675 1
000737 000671 1
000728 000646 1
001066 000020 1
000742 000667 1
000702 000641 1
000739 000658 1
001071 000012 1
000734 000666 1
000723 000645 1
001068 000026 1
001059 000003 1
001067 000018 1
000743 000669 1
000726 000648 1
001056 000002 1
001072 000027 1
000741 000669 1
001067 000017 1
000739 000683 1
001065 000010 1
001073 000015 1
000744 000675 1
001073 000025 1
001063 000018 1
000706 000648 1
000735 000677 1
000745 000685 1
000731 000659 1
001062 000020 1
000723 000644 1
000728 000667 1
000743 000664 1
001064 000003 1
000729 000675 1
000744 000690 1
000717 000641 1
001065 000019 1
000738 000654 1
000723 000672 1
000705 000649 1
000715 000647 1
001075 000026 1
000743 000657 1
000742 000685 1
000730 000661 1
000728 000653 1
000741 000663 1
000719 000649 1
000718 000660 1
000727 000670 1
000723 000651 1
000743 000665 1
000734 000671 1
000725 000650 1
000720 000663 1
000728 000658 1
000730 000650 1
000735 000675 1
001065 000014 1
000739 000649 1
001065 000004 1
000724 000645 1
001073 000016 1
000718 000648 1
000738 000673 1
000735 000665 1
000735 000652 1
001072 000026 1
000721 000645 1
000733 000658 1
000702 000651 1
000719 000655 1
000739 000656 1
000710 000653 1
000719 000658 1
000739 000654 1
000731 000651 1
000726 000656 1
000714 000641 1
000705 000646 1
001056 000004 1
001058 000008 1
000740 000658 1
000734 000673 1
000722 000662 1
000740 000664 1
000745 000689 1
000719 000664 1
000731 000663 1
001060 000002 1
001070 000020 1
000736 000663 1
001069 000013 1
000719 000652 1
000744 000668 1
001068 000002 1
000723 000671 1
000718 000652 1
000707 000655 1
001071 000015 1
000727 000646 1
001062 000019 1
000692 000641 1
000732 000658 1
000720 000666 1
000743 000678 1
000714 000661 1
001071 000026 1
001063 000020 1
001058 000009 1
001067 000015 1
000716 000656 1
000735 000653 1
001060 000000 1
001061 000015 1
000736 000671 1
000726 000645 1
000722 000671 1
000734 000653 1
000712 000657 1
000709 000656 1
000724 000646 1
000710 000651 1
000717 000647 1
000711 000658 1
001076 000021 1
000744 000667 1
000737 000677 1
000705 000654 1
000741 000658 1
001075 000028 1
000707 000656 1
001072 000029 1
000741 000651 1
000708 000643 1
000719 000651 1
000706 000654 1
000739 000675 1
000715 000663 1
000717 000643 1
000729 000653 1
000745 000673 1
000709 000658 1
001076 000025 1
000705 000647 1
000743 000688 1
000736 000674 1
000713 000652 1
000741 000687 1
000716 000643 1
000735 000683 1
001061 000016 1
000716 000663 1
000698 000646 1
000736 000668 1
000739 000680 1
000722 000648 1
000710 000642 1
000716 000645 1
000711 000654 1
001077 000027 1
000742 000656 1
001058 000003 1
000736 000665 1
000699 000644 1
001061 000017 1
000710 000655 1
001071 000024 1
000732 000666 1
000715 000658 1
000721 000655 1
001059 000009 1
001070 000010 1
000721 000651 1
001067 000019 1
000713 000650 1
001068 000006 1
000707 000653 1
001066 000021 1
000741 000674 1
001073 000027 1
001069 000015 1
000721 000646 1
000714 000643 1
000729 000664 1
000718 000654 1
000732 000681 1
000744 000664 1
000732 000672 1
000733 000654 1
000724 000673 1
000727 000655 1
000739 000670 1
000733 000675 1
001064 000009 1
000714 000653 1
001076 000026 1
000742 000654 1
000706 000653 1
000702 000643 1
001062 000012 1
000719 000646 1
000740 000654 1
000711 000656 1
000710 000647 1
001064 000022 1
001070 000027 1
000737 000680 1
000734 000660 1
001067 000013 1
000742 000690 1
000718 000655 1
000715 000641 1
000736 000685 1
000703 000641 1
000721 000669 1
000730 000659 1
000730 000670 1
001057 000012 1
000731 000644 1
001062 000002 1
000725 000674 1
000742 000691 1
000718 000649 1
001060 000008 1
001057 000000 1
000715 000661 1
000720 000668 1
000741 000690 1
001077 000022 1
001062 000000 1
000725 000668 1
000716 000659 1
000712 000646 1
001066 000016 1
000723 000655 1
001064 000016 1
000737 000678 1
000719 000665 1
001062 000006 1
001074 000030 1
001063 000006 1
001071 000021 1
000725 000669 1
000731 000654 1
000739 000663 1
000707 000650 1
000726 000650 1
000736 000677 1
000717 000653 1
001064 000021 1
001060 000013 1
000745 000684 1
000741 000676 1
001071 000011 1
000735 000666 1
001062 000015 1
000723 000648 1
000695 000641 1
001060 000015 1
000734 000658 1
000742 000683 1
000740 000686 1
000732 000648 1
000705 000653 1
000739 000664 1
001079 000028 1
000722 000649 1
000723 000661 1
000735 000657 1
000731 000673 1
000708 000645 1
000728 000670 1
000698 000642 1
000707 000641 1
001067 000016 1
000725 000670 1
000733 000648 1
001065 000023 1
000715 000652 1
001074 000017 1
001057 000009 1
000714 000659 1
000703 000644 1
000715 000649 1
000741 000681 1
001072 000023 1
000736 000648 1
001076 000027 1
000721 000670 1
000718 000666 1
000719 000666 1
000714 000650 1
001067 000006 1
001064 000008 1
000736 000647 1
000707 000647 1
000704 000646 1
000726 000651 1
000739 000681 1
000727 000666 1
001064 000014 1
000706 000655 1
000722 000646 1
000725 000667 1
000730 000667 1
001066 000010 1
000711 000642 1
000724 000653 1
000738 000667 1
000735 000676 1
000733 000671 1
000701 000642 1
000740 000657 1
000729 000645 1
000730 000672 1
000743 000663 1
000725 000662 1
000745 000671 1
000725 000660 1
000743 000660 1
001069 000026 1
001062 000007 1
001062 000016 1
000716 000642 1
001053 000001 1
000718 000645 1
000703 000645 1
000733 000668 1
000719 000661 1
000744 000692 1
000724 000666 1
000709 000646 1
000734 000663 1
000726 000668 1
000737 000666 1
001060 000016 1
001063 000004 1
000716 000653 1
001061 000011 1
000708 000653 1
000733 000682 1
000738 000656 1
000720 000644 1
000718 000662 1
000711 000644 1
000728 000649 1
000726 000653 1
000714 000642 1
001066 000008 1
000729 000673 1
000726 000670 1
000709 000655 1
000729 000665 1
000743 000685 1
000708 000656 1
000721 000664 1
001062 000008 1
000732 000651 1
001053 000004 1
000719 000657 1
001061 000005 1
000723 000646 1
000710 000648 1
001069 000007 1
000717 000666 1
000721 000642 1
000712 000642 1
000744 000663 1
000743 000680 1
000702 000648 1
000705 000644 1
000718 000651 1
000740 000671 1
000744 000671 1
000737 000685 1
000735 000673 1
000732 000674 1
000745 000670 1
000716 000647 1
000699 000645 1
000716 000655 1
000708 000649 1
000737 000653 1
000736 000669 1
000717 000655 1
000730 000665 1
001064 000019 1
001069 000019 1
000708 000648 1
000699 000641 1
000738 000663 1
000715 000653 1
000733 000649 1
001057 000003 1
000744 000691 1
000730 000648 1
000701 000643 1
001067 000010 1
000729 000646 1
001068 000022 1
001061 000002 1
001064 000023 1
000721 000653 1
000735 000660 1
001054 000001 1
000738 000671 1
000744 000673 1
001068 000015 1
001068 000001 1
000741 000688 1
001068 000008 1
000697 000646 1
000694 000643 1
001074 000027 1
000700 000647 1
000734 000682 1
001064 000001 1
000703 000642 1
000712 000649 1
000732 000646 1
001055 000004 1
000736 000683 1
001061 000012 1
000709 000645 1
000733 000678 1
000734 000659 1
001070 000026 1
001069 000006 1
001071 000019 1
000737 000673 1
001055 000002 1
000744 000689 1
000717 000656 1
000734 000675 1
000739 000678 1
001063 000007 1
000733 000666 1
000743 000667 1
000729 000659 1
000739 000660 1
000741 000664 1
001055 000009 1
000734 000647 1
000730 000660 1
001067 000023 1
000743 000692 1
000705 000643 1
000717 000662 1
000716 000641 1
001066 000000 1
000727 000649 1
001071 000020 1
000713 000646 1
000732 000670 1
000712 000655 1
000743 000683 1
000735 000645 1
000720 000647 1
000727 000671 1
000737 000663 1
000705 000652 1
001064 000005 1
000727 000660 1
000740 000672 1
001068 000004 1
001069 000016 1
001065 000026 1
000742 000679 1
000737 000676 1
000736 000654 1
000738 000664 1
000729 000677 1
000741 000684 1
000720 000642 1
001073 000026 1
000736 000661 1
000707 000642 1
000730 000664 1
000744 000669 1
001064 000004 1
000741 000680 1
000740 000682 1
000738 000684 1
000731 000668 1
000730 000676 1
001063 000015 1
000729 000658 1
000736 000652 1
000731 000674 1
000738 000686 1
000710 000658 1
000728 000651 1
000720 000659 1
001077 000029 1
001073 000020 1
000721 000661 1
000723 000659 1
000734 000672 1
000722 000664 1
000704 000641 1
001067 000001 1
000741 000661 1
001054 000005 1
000740 000679 1
001073 000030 1
000731 000675 1
000724 000661 1
001068 000010 1
000727 000662 1
000721 000668 1
000707 000648 1
000706 000649 1
000721 000643 1
001060 000017 1
000729 000672 1
000729 000667 1
001076 000022 1
000713 000660 1
001067 000004 1
000735 000684 1
000714 000651 1
000728 000672 1
000739 000677 1
000743 000662 1
001063 000008 1
001059 000013 1
000744 000665 1
000738 000670 1
001061 000010 1
000729 000663 1
000702 000647 1
001060 000009 1
000700 000649 1
000744 000684 1
000743 000668 1
001061 000007 1
000729 000655 1
000731 000677 1
000745 000679 1
000739 000685 1
000731 000664 1
000703 000651 1
000735 000648 1
000744 000658 1
000738 000650 1
000708 000644 1
000728 000675 1
000720 000652 1
000735 000656 1
000709 000649 1
000739 000653 1
000726 000672 1
000732 000673 1
000744 000682 1
000734 000657 1
000717 000663 1
000726 000660 1
001073 000014 1
000734 000674 1
000724 000655 1
000732 000657 1
000737 000661 1
000718 000641 1
000731 000647 1
001069 000012 1
000716 000665 1
000739 000672 1
000705 000641 1
001061 000008 1
000742 000671 1
000734 000648 1
000729 000656 1
000740 000681 1
000731 000667 1
000710 000654 1
000737 000652 1
000718 000667 1
001072 000015 1
000722 000665 1
000716 000664 1
000739 000659 1
000740 000665 1
000745 000681 1
001075 000024 1
000707 000646 1
000728 000669 1
001060 000010 1
001060 000014 1
000723 000647 1
000729 000669 1
000731 000671 1
000728 000643 1
000707 000654 1
001068 000014 1
001054 000006 1
000743 000673 1
000731 000662 1
000739 000669 1
000722 000651 1
000700 000643 1
000733 000673 1
000725 000645 1
000742 000658 1
000730 000679 1
000699 000642 1
001066 000018 1
000744 000681 1
001059 000005 1
000733 000664 1
000742 000675 1
000710 000644 1
000728 000652 1
001065 000000 1
000740 000655 1
001074 000024 1
000742 000653 1
000737 000672 1
000742 000661 1
001063 000016 1
000711 000653 1
001064 000010 1
001072 000030 1
000728 000666 1
000737 000670 1
000720 000641 1
000724 000669 1
000737 000648 1
000745 000665 1
000885 000241 0
000718 000188 0
000876 000055 0
000941 000354 0
000524 000466 0
000738 000062 0
000890 000548 0
000986 000613 0
000956 000375 0
000391 000271 0
000180 000089 0
000911 000730 0
000502 000040 0
000827 000487 0
000954 000094 0
000379 000131 0
001097 000421 0
000778 000578 0
000842 000675 0
000667 000523 0
000575 000504 0
000517 000305 0
000513 000414 0
000619 000133 0
000618 000195 0
000968 000671 0
000986 000232 0
001086 001014 0
000874 000388 0
000805 000648 0
000600 000483 0
000280 000175 0
000480 000195 0
001096 000450 0
000824 000521 0
000183 000083 0
000665 000531 0
000345 000109 0
000967 000376 0
000578 000235 0
000748 000299 0
000736 000429 0
000792 000677 0
000602 000083 0
000399 000175 0
000334 000106 0
001093 000758 0
001005 000158 0
000263 000096 0
000415 000320 0
000988 000064 0
001028 000680 0
000573 000007 0
000869 000747 0
000700 000333 0
001065 000159 0
000344 000089 0
000770 000038 0
000945 000245 0
000525 000099 0
000716 000004 0
000759 000057 0
001059 000324 0
000816 000161 0
000162 000045 0
000837 000445 0
000204 000071 0
000875 000011 0
000367 000074 0
000873 000755 0
000597 000221 0
000845 000763 0
000869 000203 0
000627 000496 0
000698 000354 0
000919 000251 0
000791 000681 0
001074 000308 0
001085 000091 0
001098 000163 0
000995 000796 0
000985 000595 0
000834 000501 0
000426 000206 0
000661 000105 0
000445 000097 0
000741 000058 0
000834 000754 0
000748 000026 0
000828 000487 0
000800 000119 0
000967 000827 0
001003 000899 0
000624 000246 0
000945 000324 0
000398 000079 0
000588 000492 0
000684 000439 0
000702 000290 0
000644 000230 0
000536 000251 0
000711 000074 0
000970 000637 0
000397 000159 0
000594 000501 0
001037 000066 0
001048 000744 0
000455 000297 0
000943 000326 0
000991 000870 0
000480 000239 0
000821 000008 0
000663 000576 0
000957 000498 0
000765 000068 0
000520 000039 0
000779 000117 0
000284 000104 0
000655 000090 0
000735 000313 0
001029 000248 0
000408 000067 0
001040 000702 0
000687 000288 0
001062 000136 0
000760 000308 0
000689 000267 0
000697 000121 0
000871 000383 0
001098 000627 0
001019 000294 0
000408 000267 0
001092 000631 0
000941 000679 0
000734 000013 0
000982 000375 0
000300 000135 0
000599 000128 0
000599 000053 0
001064 000063 0
000596 000460 0
000787 000388 0
000612 000067 0
000636 000407 0
001050 000810 0
000270 000194 0
000646 000331 0
000530 000391 0
000531 000414 0
000797 000511 0
000599 000160 0
000929 000449 0
001067 000734 0
000987 000224 0
000801 000316 0
000581 000319 0
001048 000690 0
000199 000071 0
001027 000135 0
000566 000379 0
000853 000065 0
000480 000153 0
000554 000125 0
000887 000412 0
000957 000239 0
000889 000704 0
000386 000098 0
000935 000458 0
000962 000861 0
000429 000206 0
000990 000147 0
000732 000002 0
000582 000381 0
000306 000141 0
001015 000646 0
000564 000185 0
001034 000419 0
001064 000659 0
001014 000745 0
000752 000544 0
001098 000466 0
000904 000509 0
000387 000305 0
000739 000007 0
000969 000682 0
000592 000398 0
000750 000328 0
000142 000047 0
000391 000249 0
000810 000530 0
000736 000253 0
000435 000261 0
000906 000116 0
000809 000404 0
000846 000158 0
000743 000047 0
000978 000601 0
000488 000398 0
000866 000291 0
000984 000708 0
000629 000002 0
000959 000606 0
001034 000324 0
000655 000429 0
000815 000194 0
000923 000827 0
001094 000099 0
000858 000465 0
000786 000687 0
000615 000552 0
001087 000910 0
000690 000237 0
000633 000319 0
000820 000328 0
000872 000235 0
000499 000417 0
000456 000010 0
000965 000590 0
000909 000057 0
000910 000256 0
000770 000106 0
000150 000070 0
000677 000308 0
000498 000021 0
000283 000029 0
001017 000507 0
000962 000545 0
001019 000217 0
000681 000105 0
000960 000082 0
000950 000720 0
000511 000061 0
000875 000234 0
000629 000198 0
001045 000847 0
000426 000153 0
000446 000122 0
000214 000071 0
000725 000201 0
000769 000550 0
000810 000222 0
000886 000749 0
000332 000198 0
000939 000728 0
000771 000632 0
000999 000682 0
000843 000441 0
000940 000333 0
000665 000156 0
000685 000463 0
000497 000218 0
000643 000306 0
000628 000326 0
000757 000048 0
000951 000062 0
001099 000217 0
001010 000892 0
001081 000999 0
000426 000183 0
001099 000280 0
000225 000005 0
000754 000089 0
000441 000299 0
000953 000900 0
000327 000097 0
001058 000213 0
000875 000401 0
000265 000063 0
000688 000428 0
000584 000172 0
000436 000317 0
001047 000961 0
000961 000148 0
001031 000263 0
001014 000444 0
000506 000068 0
001009 000671 0
000233 000130 0
000531 000110 0
000871 000186 0
000634 000031 0
000755 000451 0
000516 000393 0
000216 000082 0
000732 000308 0
001075 000375 0
001090 000188 0
000552 000250 0
001043 000956 0
000779 000273 0
000406 000180 0
000992 000660 0
000736 000396 0
000868 000267 0
000424 000230 0
000921 000503 0
000382 000282 0
000875 000472 0
000996 000078 0
000980 000484 0
000604 000361 0
000449 000162 0
000491 000082 0
000795 000473 0
000347 000035 0
001013 000427 0
001040 000511 0
000979 000024 0
000884 000167 0
000890 000522 0
000294 000147 0
000970 000855 0
000693 000162 0
000900 000312 0
000571 000048 0
000909 000794 0
000969 000099 0
001055 000683 0
000885 000469 0
000146 000040 0
000904 000412 0
000820 000236 0
001069 000824 0
000844 000440 0
000800 000059 0
000757 000530 0
000657 000489 0
001086 000527 0
000684 000007 0
000402 000303 0
000852 000554 0
000984 000837 0
000807 000424 0
000767 000098 0
000946 000719 0
000406 000200 0
000199 000040 0
000454 000210 0
000759 000253 0
000724 000130 0
001065 000124 0
000904 000814 0
000927 000081 0
000937 000256 0
000979 000475 0
001007 000142 0
000618 000183 0
000493 000317 0
000219 000080 0
001074 000868 0
000928 000656 0
000830 000236 0
000648 000450 0
000784 000628 0
001041 000643 0
000528 000130 0
000707 000408 0
001073 000066 0
000581 000136 0
001099 000956 0
000841 000369 0
000586 000319 0
000908 000065 0
000805 000568 0
000841 000731 0
000903 000102 0
000583 000218 0
001015 000345 0
000588 000483 0
001010 000234 0
000476 000400 0
000911 000360 0
000462 000024 0
000520 000406 0
000447 000214 0
001004 000790 0
000961 000419 0
000489 000115 0
000735 000072 0
000460 000017 0
000491 000391 0
001050 000502 0
000544 000342 0
000870 000576 0
000756 000070 0
000691 000438 0
000806 000219 0
000298 000169 0
000792 000215 0
000509 000241 0
000255 000113 0
000890 000426 0
001007 000549 0
001015 000411 0
000302 000187 0
000870 000021 0
000839 000450 0
000515 000071 0
000674 000424 0
000914 000190 0
000674 000096 0
000505 000288 0
000643 000522 0
000845 000287 0
000674 000220 0
001010 000106 0
000719 000221 0
000545 000100 0
000888 000110 0
000788 000348 0
000464 000161 0
000405 000292 0
000555 000211 0
000666 000157 0
000950 000651 0
000831 000530 0
000726 000542 0
000810 000182 0
001072 000637 0
000519 000327 0
000992 000858 0
000661 000048 0
000452 000144 0
000653 000475 0
000534 000003 0
000910 000656 0
000668 000087 0
000647 000080 0
001043 000871 0
000436 000247 0
000614 000038 0
000831 000351 0
000458 000078 0
000572 000488 0
000861 000736 0
000583 000064 0
000540 000253 0
000676 000327 0
000653 000468 0
000648 000464 0
001012 000361 0
000758 000252 0
001091 000609 0
000880 000752 0
000567 000252 0
000651 000296 0
000858 000314 0
000948 000306 0
000992 000359 0
000502 000428 0
000639 000278 0
000905 000519 0
000810 000237 0
001033 000059 0
000509 000080 0
001017 000388 0
001058 000406 0
001069 000738 0
000698 000587 0
001043 000755 0
000789 000183 0
000490 000195 0
000896 000755 0
000519 000253 0
000964 000330 0
000655 000423 0
000605 000304 0
000173 000018 0
000520 000012 0
000987 000537 0
000692 000190 0
000749 000114 0
001018 000903 0
000525 000451 0
000857 000063 0
000462 000030 0
000997 000214 0
000742 000433 0
000936 000674 0
000584 000235 0
000811 000663 0
000870 000750 0
000389 000256 0
000930 000824 0
000942 000185 0
001059 000377 0
000501 000264 0
000931 000744 0
000726 000509 0
001064 000722 0
001056 000881 0
000421 000307 0
000986 000160 0
001078 000214 0
000529 000042 0
000933 000769 0
000950 000523 0
000458 000279 0
000696 000039 0
000950 000760 0
000760 000032 0
000660 000414 0
001008 000337 0
000177 000121 0
000818 000620 0
000626 000141 0
000599 000172 0
001041 000776 0
000600 000393 0
000434 000002 0
001029 000233 0
000802 000189 0
000115 000018 0
000938 000758 0
001089 000984 0
001025 000821 0
000907 000289 0
000893 000327 0
000382 000028 0
000715 000326 0
000174 000047 0
000661 000398 0
000721 000565 0
000602 000342 0
000965 000064 0
001096 000912 0
000486 000178 0
000819 000022 0
000689 000452 0
001060 000372 0
000309 000043 0
000505 000353 0
000512 000138 0
000753 000492 0
000812 000618 0
000516 000167 0
000537 000134 0
000865 000607 0
001047 000441 0
000553 000339 0
000769 000183 0
000292 000021 0
000579 000232 0
000566 000484 0
000244 000091 0
000625 000082 0
001046 000796 0
000531 000457 0
000783 000032 0
000734 000027 0
000898 000639 0
000708 000241 0
000877 000428 0
000450 000200 0
000885 000770 0
000545 000345 0
000727 000083 0
001083 000488 0
000996 000615 0
000326 000168 0
000713 000334 0
000343 000054 0
001062 000597 0
000559 000445 0
001063 000416 0
000318 000002 0
000213 000040 0
000720 000282 0
000994 000505 0
000842 000295 0
000961 000450 0
000934 000005 0
000906 000294 0
000826 000223 0
000621 000276 0
000900 000828 0
000562 000420 0
000247 000080 0
001055 000538 0
000965 000052 0
000688 000057 0
000997 000938 0
000884 000654 0
000957 000280 0
000779 000414 0
000396 000053 0
000735 000279 0
000541 000305 0
001085 000479 0
000598 000364 0
000717 000586 0
000868 000056 0
000923 000469 0
000408 000111 0
000574 000201 0
000329 000178 0
000506 000016 0
001014 000193 0
000329 000131 0
000692 000489 0
000998 000713 0
001046 000257 0
001051 000868 0
000980 000043 0
000660 000236 0
000944 000317 0
000933 000523 0
001061 000178 0
000935 000201 0
000913 000371 0
000883 000826 0
000519 000301 0
000880 000026 0
000786 000647 0
000534 000085 0
000657 000473 0
000085 000002 0
000731 000032 0
000479 000006 0
000635 000146 0
000484 000162 0
000816 000655 0
000803 000650 0
000277 000086 0
001049 000186 0
001074 000442 0
000864 000079 0
000654 000035 0
000368 000170 0
000244 000120 0
000955 000737 0
000608 000354 0
001093 000494 0
000678 000395 0
000632 000491 0
001025 000164 0
000379 000183 0
001050 000232 0
000517 000375 0
000185 000041 0
000807 000448 0
001084 000541 0
000761 000142 0
000599 000216 0
000467 000106 0
000530 000190 0
000982 000070 0
000812 000673 0
000300 000204 0
000904 000790 0
000622 000370 0
000658 000289 0
000998 000617 0
001001 000397 0
001086 000693 0
000986 000361 0
000356 000184 0
001027 000772 0
000848 000604 0
000828 000213 0
001014 000371 0
000371 000032 0
001085 000267 0
000987 000270 0
000744 000223 0
000531 000238 0
000657 000570 0
000621 000157 0
000881 000156 0
000441 000008 0
001082 000166 0
000938 000035 0
000756 000194 0
000852 000599 0
000588 000509 0
001028 000464 0
000787 000380 0
000799 000406 0
001041 000678 0
000974 000400 0
001036 000971 0
000955 000846 0
000676 000251 0
000469 000121 0
000898 000067 0
000917 000245 0
001037 000677 0
001038 000632 0
000871 000180 0
000954 000104 0
000267 000136 0
000880 000418 0
000516 000226 0
000999 000474 0
000924 000392 0
000199 000115 0
000379 000124 0
000758 000017 0
000775 000157 0
000936 000105 0
001058 000502 0
000563 000434 0
000932 000489 0
000793 000185 0
000893 000446 0
000703 000221 0
000485 000165 0
001086 000285 0
000754 000406 0
000300 000007 0
000743 000094 0
000854 000562 0
000916 000824 0
000748 000476 0
000977 000321 0
000259 000069 0
001046 000813 0
000399 000010 0
000978 000088 0
001052 000968 0
000966 000719 0
000588 000391 0
001045 000337 0
000809 000639 0
000563 000376 0
000766 000280 0
000528 000256 0
000561 000012 0
000814 000698 0
000839 000001 0
001011 000693 0
000488 000311 0
000835 000724 0
000347 000278 0
000316 000000 0
000898 000507 0
000386 000206 0
001096 000381 0
001097 000993 0
001001 000765 0
000643 000373 0
000582 000438 0
000526 000395 0
000434 000294 0
000336 000017 0
000996 000808 0
000904 000809 0
000796 000454 0
000547 000489 0
001019 000549 0
001086 000775 0
000827 000116 0
000903 000281 0
000499 000159 0
000609 000268 0
000776 000646 0
000966 000684 0
000577 000514 0
000999 000786 0
000793 000282 0
000295 000180 0
000928 000518 0
000178 000077 0
000960 000020 0
000978 000473 0
000857 000538 0
001089 000100 0
000992 000395 0
000471 000143 0
001021 000718 0
000903 000621 0
000725 000281 0
000688 000365 0
000537 000238 0
000544 000269 0
000535 000271 0
000808 000642 0
000539 000402 0
000973 000220 0
000485 000200 0
001035 000607 0
000972 000889 0
000402 000312 0
000892 000452 0
000898 000480 0
000847 000784 0
000919 000547 0
001028 000860 0
000853 000455 0
000773 000471 0
000825 000187 0
000556 000036 0
000585 000058 0
000861 000300 0
000921 000013 0
000535 000455 0
000860 000450 0
000872 000420 0
000713 000002 0
000691 000155 0
000319 000182 0
000366 000288 0
001032 000592 0
001064 000097 0
001002 000356 0
000748 000375 0
000226 000005 0
000393 000217 0
000798 000709 0
000822 000635 0
001038 000969 0
000873 000651 0
000966 000751 0
000422 000353 0
000642 000204 0
000685 000002 0
000484 000281 0
000655 000212 0
001050 000568 0
000422 000065 0
000761 000290 0
001064 000635 0
000850 000355 0
000562 000201 0
000270 000124 0
000498 000275 0
000941 000686 0
000980 000151 0
000853 000142 0
000620 000204 0
000792 000325 0
000538 000075 0
000882 000573 0
000666 000140 0
000413 000338 0
000746 000477 0
000858 000500 0
000220 000106 0
000941 000646 0
000979 000162 0
000335 000210 0
000716 000351 0
000258 000125 0
001004 000455 0
001049 000641 0
000886 000202 0
001091 000096 0
000629 000221 0
000889 000320 0
000294 000107 0
000967 000567 0
000288 000102 0
000679 000308 0
001027 000962 0
000241 000094 0
000717 000315 0
000745 000137 0
000459 000373 0
000174 000046 0
000897 000070 0
000763 000282 0
000304 000099 0
001086 000421 0
000922 000457 0
000822 000420 0
000568 000422 0
001053 000422 0
000598 000035 0
000539 000414 0
000358 000169 0
000786 000097 0
000889 000594 0
000724 000026 0
000978 000544 0
001047 000109 0
001003 000690 0
000663 000068 0
000414 000157 0
000403 000144 0
000977 000026 0
000549 000448 0
000954 000286 0
000989 000899 0
000491 000108 0
000884 000379 0
001075 000596 0
000935 000545 0
000910 000716 0
000883 000290 0
000920 000048 0
000486 000430 0
001035 000518 0
001064 000542 0
001049 000589 0
000909 000487 0
001046 000073 0
000504 000168 0
000406 000354 0
000780 000244 0
000504 000201 0
000955 000443 0
000916 000864 0
000828 000089 0
000857 000247 0
000963 000311 0
000566 000179 0
000694 000598 0
000426 000145 0
000671 000219 0
000181 000083 0
000971 000037 0
001056 000824 0
000325 000144 0
001016 000312 0
000290 000160 0
000711 000480 0
000827 000453 0
001081 000661 0
001052 000146 0
000834 000290 0
001094 000097 0
000825 000652 0
000578 000184 0
000915 000606 0
001047 000566 0
000961 000438 0
001052 000284 0
000462 000344 0
000799 000398 0
000777 000091 0
000322 000198 0
000575 000418 0
001065 000149 0
000998 000066 0
000791 000156 0
000834 000422 0
000925 000588 0
000333 000213 0
000538 000254 0
000198 000098 0
000731 000204 0
001075 000287 0
000489 000415 0
000998 000379 0
000930 000657 0
000866 000738 0
000677 000128 0
000532 000334 0
000835 000032 0
000612 000353 0
001026 000866 0
000999 000456 0
000917 000128 0
000996 000635 0
000819 000656 0
000390 000217 0
000737 000430 0
001046 000624 0
000943 000484 0
000895 000235 0
000689 000484 0
000592 000245 0
000735 000203 0
000625 000068 0
000595 000507 0
000516 000003 0
000962 000692 0
000786 000363 0
000235 000111 0
000604 000130 0
000958 000606 0
000344 000233 0
000599 000295 0
000765 000070 0
000905 000297 0
000905 000638 0
000440 000105 0
000907 000323 0
000201 000074 0
001021 000080 0
000835 000751 0
001039 000073 0
000877 000206 0
000869 000715 0
000833 000632 0
000291 000190 0
000878 000263 0
000579 000117 0
001079 000588 0
001017 000379 0
000948 000873 0
000631 000032 0
000675 000112 0
000238 000119 0
000962 000618 0
000686 000431 0
000813 000303 0
000857 000457 0
001058 000374 0
000405 000197 0
000227 000015 0
000365 000275 0
000894 000290 0
000220 000131 0
000719 000235 0
000990 000264 0
000824 000384 0
000550 000335 0
000755 000094 0
000387 000152 0
000987 000645 0
001072 000087 0
000883 000590 0
000812 000453 0
001011 000911 0
000910 000597 0
000165 000076 0
000675 000463 0
000224 000114 0
000919 000268 0
001085 000724 0
000720 000483 0
000964 000146 0
001056 000522 0
001084 000327 0
000802 000344 0
000455 000115 0
000643 000590 0
000956 000621 0
001067 000639 0
000560 000399 0
000716 000197 0
001000 000764 0
000531 000247 0
001072 000948 0
000872 000476 0
000886 000671 0
000889 000037 0
001006 000429 0
000350 000240 0
001026 000855 0
001021 000141 0
000405 000298 0
000756 000381 0
000411 000291 0
000565 000465 0
000886 000110 0
000907 000498 0
000417 000144 0
001064 000828 0
000969 000713 0
000962 000851 0
000786 000555 0
001067 000678 0
000804 000329 0
000430 000071 0
000979 000522 0
000858 000642 0
000383 000198 0
000527 000135 0
000938 000413 0
001056 000978 0
000974 000322 0
000933 000686 0
000878 000656 0
000812 000661 0
000615 000177 0
001089 000676 0
000805 000749 0
000798 000053 0
000998 000876 0
000882 000353 0
000599 000457 0
000762 000276 0
001064 000282 0
000497 000150 0
000760 000001 0
000945 000785 0
000415 000057 0
000959 000635 0
000757 000489 0
001017 000232 0
000794 000356 0
000967 000077 0
000942 000586 0
000637 000104 0
000937 000692 0
000816 000103 0
000809 000009 0
000774 000457 0
000857 000054 0
000619 000058 0
000441 000265 0
000823 000209 0
000685 000383 0
000566 000073 0
000219 000021 0
000477 000152 0
000410 000322 0
000933 000170 0
000877 000823 0
000726 000088 0
000859 000792 0
000270 000072 0
000584 000238 0
001025 000476 0
000590 000464 0
001051 000856 0
000592 000327 0
000095 000014 0
000786 000397 0
000567 000404 0
000851 000171 0
000329 000116 0
000725 000205 0
000715 000231 0
000992 000182 0
000896 000080 0
001043 000677 0
001037 000559 0
000689 000535 0
000816 000459 0
000677 000541 0
000862 000637 0
001023 000275 0
000538 000174 0
000262 000028 0
000998 000081 0
000919 000386 0
001043 000164 0
000820 000187 0
000474 000011 0
000197 000055 0
001056 000617 0
000942 000264 0
000983 000192 0
000265 000213 0
000706 000326 0
001053 000962 0
000827 000601 0
000955 000416 0
000306 000057 0
000795 000017 0
000809 000637 0
000831 000524 0
000589 000209 0
001042 000267 0
001055 000801 0
000580 000132 0
000974 000199 0
000913 000018 0
000760 000169 0
000455 000142 0
000830 000211 0
000607 000029 0
000724 000058 0
001035 000816 0
000675 000337 0
000613 000390 0
000882 000132 0
000771 000130 0
000796 000722 0
000891 000513 0
001011 000645 0
000447 000305 0
000971 000407 0
000986 000084 0
000729 000572 0
000643 000576 0
000597 000259 0
000967 000741 0
001098 000563 0
000443 000358 0
000904 000504 0
000247 000115 0
001000 000816 0
000960 000399 0
000685 000540 0
000479 000359 0
000502 000130 0
001093 000833 0
001007 000400 0
000438 000209 0
000762 000602 0
001039 000529 0
001005 000223 0
000879 000756 0
000482 000226 0
000685 000232 0
000593 000249 0
000823 000754 0
000186 000000 0
000769 000467 0
000764 000298 0
000889 000567 0
000965 000103 0
000644 000179 0
000758 000111 0
000992 000739 0
000457 000087 0
001086 000618 0
001065 000928 0
000900 000491 0
000890 000552 0
000401 000129 0
000915 000297 0
000576 000417 0
000959 000567 0
000770 000521 0
001045 000865 0
001007 000405 0
000401 000277 0
000969 000560 0
000617 000112 0
000797 000654 0
000659 000560 0
000838 000059 0
000297 000098 0
000503 000340 0
000708 000068 0
000571 000070 0
000712 000088 0
000968 000614 0
000996 000302 0
000498 000026 0
001042 000525 0
000930 000307 0
000505 000451 0
000899 000419 0
000898 000700 0
000615 000023 0
000815 000647 0
000970 000864 0
000480 000198 0
000146 000017 0
001076 000442 0
000511 000122 0
000951 000377 0
000976 000911 0
000593 000098 0
000872 000042 0
000998 000335 0
000588 000021 0
001026 000141 0
000856 000588 0
000858 000209 0
000900 000555 0
000459 000398 0
000356 000131 0
001074 000921 0
000772 000460 0
000346 000116 0
001080 000124 0
001091 000537 0
000849 000142 0
000755 000196 0
000868 000652 0
001068 000477 0
000805 000351 0
001097 000180 0
001065 000773 0
000577 000268 0
000767 000478 0
000922 000815 0
000949 000331 0
000733 000404 0
001088 000911 0
001075 000119 0
000752 000600 0
000873 000278 0
000866 000364 0
000669 000300 0
000971 000752 0
001099 000800 0
000486 000281 0
000542 000025 0
001025 000098 0
000805 000533 0
001074 000627 0
000753 000108 0
000525 000054 0
000926 000130 0
001071 000733 0
000449 000138 0
001050 000842 0
000454 000231 0
000635 000508 0
000334 000228 0
000777 000134 0
001039 000244 0
001065 000511 0
001056 000786 0
000814 000026 0
000239 000125 0
001098 000310 0
000685 000269 0
000758 000449 0
000568 000138 0
000982 000495 0
000844 000724 0
000460 000253 0
001042 000821 0
000816 000221 0
000803 000626 0
001028 000171 0
001066 000658 0
000447 000343 0
000908 000678 0
000282 000167 0
000832 000086 0
000978 000011 0
000903 000786 0
000465 000021 0
001000 000656 0
000865 000032 0
000432 000360 0
000496 000349 0
000399 000289 0
001004 000176 0
000581 000119 0
000780 000148 0
000519 000090 0
000434 000293 0
000598 000530 0
000809 000094 0
001089 000265 0
000553 000105 0
000536 000423 0
000989 000556 0
000728 000024 0
000546 000052 0
001083 000108 0
000560 000161 0
001057 000916 0
000435 000230 0
000687 000054 0
001076 000936 0
000726 000040 0
000856 000350 0
000868 000342 0
000903 000399 0
000879 000073 0
001045 000160 0
000561 000211 0
001014 000763 0
000553 000006 0
000552 000143 0
000544 000137 0
000624 000485 0
000615 000193 0
000550 000395 0
000687 000072 0
001005 000396 0
000796 000474 0
000972 000635 0
001071 000324 0
000385 000126 0
001002 000138 0
000649 000030 0
000926 000039 0
000948 000480 0
000929 000361 0
000667 000501 0
000430 000030 0
000732 000431 0
000813 000362 0
000160 000032 0
000805 000115 0
001085 000657 0
000626 000466 0
000749 000375 0
001094 000772 0
000766 000382 0
000651 000055 0
000832 000760 0
001052 000471 0
000898 000812 0
000796 000418 0
000161 000014 0
000818 000677 0
000775 000188 0
001075 000528 0
000975 000702 0
000266 000172 0
000977 000351 0
000248 000036 0
000868 000694 0
001073 000207 0
000346 000035 0
000748 000175 0
000338 000123 0
001085 000130 0
000771 000476 0
000467 000100 0
000670 000029 0
000152 000015 0
000567 000474 0
000773 000172 0
000776 000670 0
000661 000562 0
000480 000378 0
000185 000018 0
000894 000777 0
000575 000409 0
000929 000288 0
000248 000121 0
001080 000784 0
000837 000351 0
000775 000373 0
000673 000331 0
000804 000162 0
001009 000743 0
000942 000819 0
000998 000138 0
001057 000101 0
000872 000543 0
000683 000139 0
000872 000232 0
000351 000095 0
000431 000322 0
001074 000213 0
000940 000138 0
000828 000128 0
000891 000640 0
000547 000189 0
000643 000443 0
000636 000502 0
000964 000716 0
000523 000217 0
000553 000403 0
000913 000016 0
000181 000067 0
000815 000406 0
000797 000487 0
000778 000381 0
000751 000516 0
001097 000593 0
000886 000579 0
000881 000200 0
000604 000267 0
001082 000461 0
000087 000012 0
001085 000821 0
001055 000282 0
000634 000363 0
000138 000060 0
000337 000003 0
000273 000181 0
001009 000729 0
001087 000661 0
000710 000072 0
000654 000255 0
001089 000580 0
001025 000309 0
000601 000189 0
000132 000076 0
000569 000332 0
000985 000512 0
000553 000262 0
000684 000087 0
000922 000838 0
000668 000178 0
000726 000059 0
000784 000486 0
000726 000006 0
000938 000378 0
000376 000205 0
000650 000068 0
000395 000228 0
001094 000096 0
000998 000175 0
001003 000376 0
000862 000374 0
000370 000307 0
000825 000347 0
000986 000782 0
000502 000247 0
000433 000218 0
000807 000661 0
000730 000186 0
000362 000273 0
000744 000604 0
000773 000136 0
001036 000228 0
000448 000337 0
000611 000461 0
000286 000150 0
000679 000413 0
000484 000283 0
000749 000381 0
001076 000496 0
000291 000116 0
000843 000016 0
001019 000957 0
001063 000440 0
000611 000348 0
000154 000003 0
000900 000819 0
000951 000770 0
000997 000597 0
000965 000242 0
000465 000122 0
000335 000257 0
000922 000422 0
000706 000347 0
000887 000198 0
001060 000074 0
000883 000136 0
000816 000443 0
000325 000029 0
000413 000296 0
000579 000348 0
000479 000256 0
000806 000076 0
000558 000265 0
000876 000612 0
000786 000150 0
000324 000264 0
000553 000042 0
000611 000153 0
000835 000337 0
000181 000084 0
000832 000643 0
001086 000645 0
000637 000426 0
001028 000263 0
000972 000775 0
001033 000251 0
001091 000594 0
000363 000089 0
001041 000118 0
000411 000048 0
001063 000127 0
000894 000348 0
000831 000022 0
000943 000735 0
000480 000245 0
000290 000149 0
000590 000174 0
000623 000541 0
000438 000057 0
000852 000475 0
000978 000904 0
000372 000267 0
000823 000201 0
001040 000383 0
000548 000276 0
000994 000568 0
000600 000248 0
000835 000051 0
000768 000399 0
000696 000556 0
001035 000942 0
000790 000223 0
000510 000357 0
000989 000389 0
000503 000304 0
000772 000469 0
001048 000505 0
000897 000012 0
000936 000205 0
001085 000460 0
000948 000640 0
000892 000052 0
000293 000007 0
001093 000590 0
000829 000017 0
000607 000137 0
000472 000150 0
001088 000252 0
000611 000018 0
000963 000047 0
000699 000494 0
000534 000224 0
000582 000019 0
000856 000452 0
000907 000081 0
000878 000694 0
000526 000100 0
000452 000348 0
000988 000254 0
001066 000569 0
001061 000426 0
000133 000057 0
001067 000648 0
001031 000898 0
000725 000191 0
000794 000467 0
000620 000114 0
000732 000128 0
000958 000457 0
000344 000106 0
000921 000767 0
000825 000090 0
000522 000461 0
000898 000710 0
000552 000235 0
001088 000135 0
000784 000487 0
000676 000015 0
000932 000146 0
000991 000571 0
001009 000102 0
001013 000396 0
000081 000022 0
000307 000200 0
001063 000298 0
001004 000205 0
000742 000082 0
000689 000247 0
001008 000187 0
000942 000288 0
000460 000187 0
001093 000415 0
001095 000739 0
000975 000111 0
000866 000799 0
000568 000452 0
000876 000130 0
001081 000325 0
000669 000354 0
000710 000396 0
000464 000331 0
000950 000778 0
000822 000115 0
000297 000120 0
000899 000244 0
000695 000191 0
001074 000397 0
000439 000120 0
001005 000847 0
000426 000353 0
000975 000782 0
000949 000239 0
000812 000139 0
000993 000354 0
000855 000231 0
001033 000344 0
000878 000687 0
000886 000489 0
000384 000236 0
000483 000074 0
000879 000338 0
000464 000008 0
000707 000192 0
000466 000047 0
001068 000789 0
000905 000528 0
000815 000301 0
000734 000208 0
000684 000494 0
000625 000570 0
000345 000121 0
000990 000764 0
000829 000434 0
000969 000810 0
000469 000099 0
000406 000203 0
000510 000066 0
001080 000457 0
000770 000424 0
001095 000311 0
000985 000657 0
000791 000640 0
001089 000232 0
001041 000612 0
000990 000529 0
000907 000851 0
000402 000006 0
000904 000044 0
000309 000042 0
000557 000223 0
000580 000254 0
000707 000059 0
001078 000445 0
001018 000523 0
000801 000262 0
001062 000389 0
000884 000397 0
000676 000345 0
000295 000134 0
000718 000172 0
000979 000394 0
000417 000258 0
000964 000019 0
000582 000440 0
000982 000357 0
000775 000646 0
001073 000393 0
000495 000023 0
000910 000246 0
000450 000290 0
000953 000513 0
000520 000249 0
000583 000012 0
000870 000450 0
000457 000212 0
000645 000302 0
000332 000220 0
001008 000339 0
000822 000722 0
000924 000194 0
000809 000507 0
000520 000448 0
000841 000086 0
000790 000088 0
000998 000080 0
000463 000332 0
000279 000001 0
000484 000093 0
000475 000007 0
000813 000257 0
000967 000237 0
000635 000339 0
000834 000716 0
000560 000296 0
000555 000012 0
000991 000746 0
000993 000532 0
000726 000350 0
000665 000601 0
000762 000212 0
001042 000628 0
001009 000098 0
000974 000762 0
000861 000100 0
000836 000365 0
000686 000097 0
000753 000523 0
000306 000111 0
000622 000012 0
000781 000702 0
000754 000181 0
000715 000015 0
000711 000139 0
000932 000430 0
000751 000466 0
000834 000349 0
000866 000279 0
000528 000006 0
000968 000866 0
000713 000432 0
000436 000229 0
000775 000466 0
000646 000399 0
000867 000729 0
001091 000419 0
000555 000443 0
000628 000511 0
000892 000061 0
000530 000367 0
000540 000485 0
000952 000778 0
000894 000529 0
000958 000542 0
000652 000093 0
001009 000621 0
001068 000631 0
000424 000106 0
000858 000358 0
001031 000478 0
000548 000322 0
000177 000118 0
000592 000317 0
001012 000750 0
000970 000509 0
000999 000782 0
000447 000027 0
000972 000801 0
001013 000840 0
000540 000087 0
000611 000006 0
000563 000086 0
000912 000815 0
000733 000365 0
000485 000281 0
000579 000010 0
000315 000181 0
000509 000154 0
000758 000118 0
001099 000980 0
000368 000132 0
000812 000654 0
000908 000086 0
000597 000524 0
000730 000085 0
001052 000283 0
000874 000183 0
000480 000092 0
000575 000453 0
000391 000258 0
000728 000404 0
000167 000009 0
000244 000040 0
001017 000694 0
000960 000125 0
000430 000034 0
000707 000486 0
001004 000911 0
000555 000469 0
000785 000166 0
001019 000785 0
000627 000272 0
000417 000013 0
000197 000119 0
000743 000546 0
000527 000182 0
000859 000630 0
000590 000274 0
000852 000304 0
000741 000566 0
000906 000543 0
001019 000793 0
000619 000194 0
000493 000086 0
000872 000789 0
001051 000191 0
000616 000278 0
000921 000361 0
001035 000442 0
000943 000271 0
000395 000204 0
000965 000796 0
000766 000000 0
000763 000441 0
000838 000291 0
000886 000716 0
001000 000701 0
000985 000568 0
000805 000497 0
000551 000315 0
000153 000053 0
000548 000474 0
