001469 000735 1
001812 000085 1
001660 000228 1
001759 000136 1
001489 000726 1
001664 000221 1
001478 000730 1
001639 000237 1
001782 000111 1
001689 000203 1
001672 000218 1
001725 000172 1
001657 000226 1
001666 000220 1
001825 000081 1
001720 000175 1
001457 000749 1
001495 000721 1
001751 000141 1
001793 000101 1
001833 000077 1
001733 000160 1
001492 000720 1
001482 000730 1
001801 000097 1
001473 000736 1
001490 000717 1
001497 000713 1
001766 000124 1
001796 000099 1
001444 000762 1
001678 000211 1
001446 000761 1
001776 000117 1
001812 000089 1
003863 002520 1
003866 002510 1
001435 000771 1
001642 000234 1
001627 000248 1
001711 000185 1
001457 000750 1
001649 000232 1
001733 000159 1
001659 000225 1
001432 000779 1
001414 000799 1
003867 002513 1
001636 000238 1
001726 000168 1
003865 002507 1
001429 000784 1
001721 000176 1
001702 000193 1
001736 000157 1
001416 000793 1
001425 000783 1
001453 000754 1
001487 000723 1
001802 000092 1
001483 000729 1
003866 002513 1
001485 000722 1
001429 000780 1
001487 000724 1
001695 000197 1
001673 000216 1
001716 000181 1
001437 000771 1
001787 000106 1
001492 000716 1
001458 000749 1
001485 000725 1
001459 000747 1
001707 000189 1
001467 000741 1
001645 000232 1
001651 000233 1
001637 000239 1
001768 000122 1
001801 000092 1
001778 000115 1
001734 000160 1
001814 000087 1
001419 000796 1
001501 000716 1
001643 000237 1
001427 000789 1
001427 000788 1
001496 000713 1
001818 000083 1
001807 000088 1
001420 000789 1
001790 000102 1
001725 000169 1
003865 002528 1
001624 000248 1
001841 000078 1
001719 000176 1
001736 000159 1
001787 000104 1
003863 002509 1
001430 000785 1
001432 000776 1
001431 000780 1
001779 000114 1
003866 002524 1
003864 002506 1
001807 000089 1
001639 000240 1
003863 002519 1
003863 002522 1
001494 000716 1
001830 000079 1
001636 000243 1
001770 000124 1
001480 000727 1
001475 000731 1
001431 000783 1
001483 000727 1
001708 000187 1
001696 000196 1
001827 000079 1
001424 000789 1
001482 000728 1
001833 000076 1
001740 000153 1
003867 002512 1
001478 000728 1
001438 000771 1
001715 000181 1
001692 000200 1
001454 000755 1
001745 000148 1
001819 000086 1
001701 000192 1
001421 000788 1
001427 000790 1
001667 000219 1
001480 000731 1
001775 000119 1
001489 000718 1
001481 000728 1
001712 000185 1
001628 000244 1
001483 000730 1
001841 000073 1
001813 000087 1
001435 000775 1
001765 000125 1
003867 002515 1
001638 000242 1
001420 000795 1
001772 000119 1
001430 000781 1
001830 000077 1
001498 000714 1
001450 000759 1
001820 000084 1
001674 000217 1
001459 000750 1
001844 000076 1
001837 000075 1
001429 000783 1
001444 000763 1
001492 000723 1
001755 000138 1
001771 000123 1
001638 000240 1
001426 000785 1
001629 000248 1
001437 000770 1
001470 000737 1
001825 000082 1
001481 000725 1
003864 002519 1
001427 000780 1
001669 000221 1
001767 000128 1
001448 000757 1
001832 000081 1
001486 000728 1
001636 000239 1
001778 000112 1
001438 000767 1
001448 000761 1
001823 000080 1
001838 000080 1
001768 000126 1
001497 000714 1
001678 000214 1
001434 000774 1
001724 000172 1
001625 000247 1
001627 000245 1
001433 000776 1
001651 000229 1
001693 000199 1
001829 000081 1
001809 000088 1
001457 000748 1
001824 000084 1
001795 000101 1
001638 000239 1
001726 000167 1
001741 000152 1
001662 000226 1
001827 000081 1
001480 000725 1
003868 002524 1
001761 000131 1
001664 000223 1
001626 000248 1
001467 000739 1
001725 000171 1
001688 000204 1
001730 000164 1
001497 000716 1
001644 000237 1
003864 002518 1
001805 000093 1
001842 000078 1
001699 000194 1
001829 000082 1
001455 000752 1
001453 000755 1
001419 000794 1
003864 002521 1
001825 000084 1
001500 000714 1
001629 000244 1
001468 000737 1
001627 000244 1
001626 000245 1
001644 000233 1
001431 000776 1
001745 000147 1
001426 000782 1
001828 000083 1
001422 000788 1
001438 000768 1
001640 000236 1
001841 000076 1
003865 002511 1
001463 000741 1
001710 000186 1
001658 000228 1
001418 000799 1
001668 000218 1
001803 000093 1
001423 000786 1
001474 000734 1
001789 000102 1
001416 000798 1
001669 000218 1
001418 000798 1
001817 000088 1
001721 000174 1
001420 000798 1
001477 000731 1
001647 000235 1
001788 000105 1
001739 000154 1
001650 000233 1
001421 000793 1
001746 000146 1
001653 000232 1
001475 000735 1
001459 000745 1
001466 000743 1
001440 000769 1
001844 000075 1
003863 002515 1
001493 000722 1
001428 000780 1
001643 000233 1
001433 000774 1
001640 000238 1
001632 000246 1
001496 000717 1
001428 000782 1
001784 000109 1
001747 000147 1
001680 000211 1
001487 000726 1
003863 002516 1
001495 000720 1
001740 000155 1
001485 000723 1
001490 000724 1
001467 000742 1
001422 000786 1
001840 000076 1
001419 000789 1
001440 000771 1
001754 000138 1
001423 000790 1
001811 000089 1
003864 002507 1
001825 000080 1
001650 000230 1
001775 000117 1
001839 000075 1
001670 000218 1
001744 000150 1
001789 000106 1
001789 000104 1
001679 000212 1
001469 000736 1
001652 000229 1
003864 002513 1
001711 000183 1
001790 000103 1
001480 000726 1
001660 000226 1
001425 000785 1
001837 000081 1
003865 002514 1
001798 000098 1
001673 000218 1
003868 002520 1
001729 000167 1
001690 000204 1
001843 000077 1
001454 000751 1
001434 000773 1
001427 000781 1
001837 000076 1
003864 002524 1
001463 000746 1
001771 000120 1
001765 000128 1
001457 000751 1
001829 000079 1
001502 000715 1
001496 000715 1
001787 000105 1
001493 000714 1
001481 000723 1
001498 000720 1
001837 000077 1
001423 000791 1
001796 000100 1
001693 000201 1
001768 000127 1
001671 000216 1
001816 000083 1
001431 000778 1
001831 000079 1
001674 000216 1
001473 000732 1
001773 000121 1
001484 000726 1
001680 000212 1
001494 000723 1
001633 000244 1
001729 000168 1
001626 000249 1
001636 000241 1
001654 000229 1
001782 000109 1
001775 000116 1
001840 000078 1
001497 000719 1
001803 000095 1
001663 000225 1
001825 000083 1
001759 000133 1
001806 000090 1
003866 002519 1
003867 002527 1
001839 000080 1
001807 000090 1
001425 000792 1
001688 000206 1
001838 000078 1
001761 000130 1
001738 000154 1
001479 000729 1
001501 000714 1
001483 000723 1
001424 000786 1
001663 000222 1
003865 002529 1
001447 000761 1
001677 000212 1
001642 000238 1
001647 000232 1
001686 000206 1
001449 000757 1
001426 000781 1
001431 000782 1
001831 000084 1
001655 000230 1
001422 000796 1
001792 000103 1
001501 000717 1
001430 000778 1
001706 000189 1
001650 000232 1
001679 000210 1
001501 000713 1
001488 000726 1
001778 000114 1
001472 000732 1
001633 000240 1
001637 000240 1
001484 000729 1
001694 000199 1
001476 000730 1
001681 000211 1
001433 000779 1
001439 000768 1
001626 000247 1
001754 000141 1
001784 000110 1
001774 000118 1
001816 000086 1
001768 000124 1
001783 000107 1
003867 002521 1
001631 000244 1
001824 000083 1
001773 000117 1
001421 000795 1
001761 000132 1
001456 000750 1
001500 000718 1
001720 000177 1
001668 000219 1
001842 000073 1
001696 000198 1
001728 000169 1
001815 000088 1
001802 000094 1
001729 000166 1
001449 000756 1
001684 000207 1
001759 000135 1
001452 000756 1
001489 000719 1
001473 000737 1
001426 000780 1
001631 000247 1
001742 000152 1
001490 000722 1
001832 000079 1
001664 000225 1
001464 000741 1
001752 000141 1
001706 000190 1
001492 000715 1
001824 000081 1
001434 000778 1
001830 000078 1
001760 000132 1
001687 000206 1
001484 000725 1
001835 000079 1
001440 000767 1
001808 000088 1
001749 000145 1
001838 000076 1
001677 000214 1
001757 000135 1
001646 000234 1
001702 000191 1
001800 000096 1
001700 000194 1
001772 000118 1
001751 000144 1
001499 000713 1
001659 000227 1
001658 000229 1
001472 000738 1
001803 000092 1
001746 000149 1
001461 000745 1
001496 000714 1
001469 000740 1
001804 000092 1
001783 000108 1
001835 000077 1
001743 000149 1
001434 000779 1
001816 000084 1
001424 000793 1
001786 000109 1
001758 000133 1
001760 000134 1
001431 000777 1
001423 000788 1
001704 000190 1
001841 000075 1
001418 000797 1
001496 000720 1
001779 000115 1
001492 000717 1
001484 000727 1
001704 000191 1
001842 000077 1
001427 000787 1
001480 000730 1
001477 000733 1
001635 000238 1
001633 000241 1
001420 000790 1
001779 000111 1
001821 000081 1
001492 000724 1
001644 000235 1
001835 000082 1
001824 000086 1
001760 000133 1
001434 000775 1
001466 000738 1
001662 000224 1
001810 000089 1
001448 000760 1
001425 000791 1
001748 000144 1
003863 002510 1
001803 000091 1
001735 000159 1
001724 000173 1
001645 000233 1
001775 000115 1
001492 000722 1
001487 000721 1
001418 000794 1
001689 000202 1
001430 000783 1
001671 000220 1
001748 000146 1
001835 000081 1
001673 000215 1
001471 000737 1
001477 000732 1
001681 000212 1
001839 000076 1
001800 000093 1
001493 000716 1
001795 000100 1
001429 000778 1
001661 000223 1
001477 000727 1
001813 000089 1
001812 000086 1
001730 000167 1
001418 000796 1
001418 000791 1
001438 000770 1
001470 000735 1
003865 002513 1
001822 000084 1
001756 000139 1
001690 000203 1
003864 002525 1
001474 000736 1
001459 000748 1
001630 000243 1
001642 000235 1
001824 000085 1
001462 000744 1
001818 000084 1
001661 000225 1
001833 000082 1
001783 000110 1
001697 000195 1
001466 000740 1
001485 000721 1
001764 000129 1
001750 000143 1
001764 000128 1
001741 000155 1
001744 000148 1
001684 000206 1
001450 000758 1
001808 000090 1
001641 000236 1
001754 000137 1
001440 000765 1
001698 000196 1
001666 000221 1
001707 000186 1
001427 000784 1
001453 000756 1
001836 000080 1
001690 000202 1
001486 000722 1
001643 000235 1
001661 000226 1
001676 000213 1
001460 000747 1
001631 000246 1
001491 000719 1
001724 000170 1
001749 000144 1
001835 000078 1
001422 000787 1
001645 000235 1
001826 000085 1
001419 000797 1
001502 000713 1
001791 000100 1
003866 002521 1
001656 000226 1
001804 000095 1
001781 000112 1
001796 000097 1
001704 000189 1
001489 000722 1
001420 000791 1
001841 000077 1
001669 000220 1
001818 000082 1
001475 000733 1
001838 000081 1
001707 000190 1
001780 000111 1
001704 000192 1
001427 000779 1
003865 002526 1
001645 000234 1
003864 002520 1
001802 000096 1
001467 000740 1
001823 000082 1
003867 002530 1
001478 000729 1
001640 000237 1
003866 002522 1
001697 000197 1
001842 000079 1
001718 000179 1
001417 000793 1
003864 002509 1
001788 000104 1
001751 000140 1
001461 000748 1
001670 000219 1
001426 000790 1
001435 000774 1
001836 000077 1
003868 002525 1
001757 000134 1
001735 000157 1
001793 000099 1
001420 000792 1
001496 000718 1
001837 000082 1
001779 000113 1
001495 000713 1
001727 000166 1
001776 000115 1
001741 000151 1
001728 000166 1
001651 000230 1
001728 000168 1
001769 000125 1
001499 000717 1
001477 000734 1
001785 000105 1
001497 000715 1
001494 000720 1
001743 000152 1
001646 000237 1
001445 000760 1
001798 000099 1
001421 000792 1
001435 000772 1
001637 000237 1
001733 000163 1
001432 000777 1
001465 000744 1
001484 000723 1
001645 000238 1
001630 000242 1
001838 000074 1
001709 000188 1
001473 000734 1
001812 000088 1
001432 000780 1
001484 000728 1
001782 000112 1
001823 000086 1
001766 000126 1
001722 000175 1
001446 000764 1
001807 000092 1
001648 000230 1
001490 000716 1
001746 000148 1
001727 000168 1
003866 002512 1
001840 000075 1
001755 000140 1
001701 000193 1
001495 000722 1
001706 000188 1
001696 000197 1
001425 000789 1
001836 000081 1
001456 000748 1
001417 000792 1
003865 002510 1
001726 000171 1
003865 002506 1
001796 000098 1
001473 000731 1
001667 000220 1
001682 000210 1
001664 000222 1
001640 000240 1
001666 000224 1
003866 002527 1
001752 000143 1
003867 002528 1
001786 000107 1
001733 000162 1
001490 000719 1
001654 000228 1
001646 000236 1
003864 002517 1
001640 000241 1
001680 000210 1
001657 000227 1
001478 000727 1
001627 000246 1
001416 000794 1
001700 000195 1
001736 000160 1
001804 000094 1
001751 000142 1
001432 000774 1
001838 000077 1
001414 000798 1
001750 000141 1
001684 000209 1
001429 000777 1
001431 000775 1
003864 002512 1
001484 000721 1
001710 000184 1
001813 000085 1
001705 000190 1
001831 000077 1
001698 000195 1
001665 000222 1
001722 000171 1
001672 000217 1
001419 000795 1
001635 000243 1
001777 000114 1
001728 000167 1
001829 000080 1
001811 000091 1
001480 000729 1
001753 000138 1
001687 000204 1
003864 002510 1
001788 000106 1
001629 000245 1
001655 000228 1
001433 000772 1
001801 000096 1
001801 000094 1
001746 000147 1
001427 000782 1
001498 000712 1
001815 000089 1
001463 000745 1
001786 000105 1
001734 000159 1
001490 000720 1
001821 000086 1
001729 000164 1
001443 000763 1
001749 000142 1
001750 000144 1
001485 000724 1
001774 000117 1
001708 000189 1
001739 000157 1
001495 000719 1
001715 000182 1
001675 000213 1
001644 000238 1
003867 002529 1
001639 000239 1
001488 000727 1
001716 000178 1
001678 000213 1
003865 002519 1
001634 000244 1
001494 000714 1
001809 000091 1
001708 000185 1
001832 000078 1
001655 000229 1
001473 000733 1
001708 000186 1
001733 000164 1
001451 000754 1
001466 000742 1
001672 000219 1
001650 000229 1
001457 000747 1
001738 000157 1
001491 000717 1
001648 000232 1
001656 000227 1
001629 000243 1
001421 000790 1
001439 000771 1
001810 000087 1
001825 000085 1
001676 000214 1
001643 000234 1
001666 000222 1
001428 000783 1
001712 000182 1
001442 000766 1
001706 000187 1
001456 000753 1
001736 000156 1
001473 000735 1
001645 000236 1
001481 000729 1
001490 000725 1
001705 000191 1
001818 000086 1
001699 000195 1
001837 000074 1
001656 000230 1
001658 000226 1
001748 000147 1
001685 000206 1
001827 000082 1
001465 000742 1
001720 000176 1
001837 000080 1
003867 002522 1
003865 002518 1
001639 000238 1
001842 000074 1
001722 000174 1
001417 000795 1
001493 000723 1
001414 000795 1
001429 000779 1
001436 000775 1
001451 000756 1
001422 000795 1
001734 000162 1
001743 000151 1
001841 000079 1
001787 000108 1
001647 000234 1
001784 000107 1
001719 000178 1
001713 000181 1
001418 000792 1
001432 000775 1
001623 000249 1
001764 000127 1
001475 000732 1
001491 000725 1
001462 000743 1
001830 000080 1
001498 000715 1
001840 000073 1
001823 000081 1
001486 000725 1
001628 000245 1
001843 000075 1
001820 000086 1
001753 000142 1
001794 000100 1
001827 000083 1
001635 000241 1
001765 000130 1
001753 000139 1
001773 000119 1
001676 000215 1
001436 000776 1
003863 002512 1
001491 000716 1
001494 000721 1
001839 000081 1
001823 000083 1
003866 002508 1
001836 000076 1
001747 000146 1
003865 002527 1
001810 000090 1
001637 000242 1
001838 000079 1
001782 000110 1
001826 000083 1
001802 000093 1
001657 000228 1
001624 000250 1
001816 000088 1
001634 000243 1
001758 000135 1
001732 000164 1
001695 000199 1
001462 000747 1
001456 000749 1
001688 000203 1
001471 000738 1
001796 000096 1
001694 000200 1
001490 000726 1
001731 000166 1
001632 000244 1
001784 000106 1
001733 000161 1
001493 000724 1
001660 000223 1
003865 002509 1
001762 000129 1
001820 000087 1
001424 000784 1
001811 000087 1
001463 000742 1
001493 000715 1
001461 000743 1
001792 000101 1
001809 000090 1
001820 000082 1
001628 000247 1
001646 000232 1
001833 000081 1
001637 000243 1
001443 000766 1
001437 000769 1
001648 000235 1
001648 000231 1
001484 000724 1
001835 000076 1
001808 000091 1
001486 000720 1
001667 000223 1
001419 000791 1
003864 002516 1
001686 000207 1
001749 000143 1
001644 000234 1
001680 000209 1
001829 000083 1
001495 000715 1
001797 000099 1
001481 000727 1
001423 000789 1
001790 000104 1
001428 000787 1
001777 000115 1
001416 000799 1
001466 000741 1
001453 000753 1
001689 000204 1
001708 000188 1
003864 002526 1
003868 002518 1
001475 000729 1
001738 000156 1
001783 000109 1
001835 000080 1
003867 002516 1
001474 000731 1
001491 000718 1
001651 000234 1
001476 000728 1
001762 000133 1
001731 000162 1
003863 002513 1
001634 000239 1
001450 000755 1
001797 000098 1
001472 000733 1
001821 000083 1
001747 000148 1
001447 000759 1
003868 002523 1
001824 000080 1
001834 000083 1
001457 000752 1
001431 000779 1
001786 000108 1
001442 000764 1
001703 000192 1
001429 000786 1
001742 000151 1
001425 000790 1
001417 000797 1
001836 000079 1
001748 000143 1
001441 000767 1
001476 000729 1
001455 000754 1
001488 000723 1
001441 000764 1
001741 000153 1
001795 000099 1
001421 000794 1
001481 000724 1
001657 000225 1
001750 000145 1
001442 000763 1
001674 000214 1
001821 000085 1
001622 000250 1
001671 000218 1
001493 000718 1
001836 000075 1
001652 000231 1
001630 000245 1
001756 000135 1
001460 000744 1
001464 000745 1
001672 000216 1
001474 000735 1
003864 002514 1
001491 000721 1
001493 000717 1
001417 000791 1
001763 000129 1
001493 000721 1
001427 000785 1
001477 000728 1
001488 000720 1
001435 000777 1
003866 002529 1
003867 002518 1
001657 000230 1
001744 000149 1
001469 000738 1
001641 000237 1
001831 000083 1
001719 000175 1
001500 000713 1
001699 000196 1
001442 000768 1
003865 002525 1
001478 000732 1
001832 000082 1
001495 000716 1
001481 000731 1
001646 000233 1
001831 000081 1
001830 000083 1
003866 002530 1
001737 000157 1
001469 000739 1
001637 000241 1
001806 000094 1
001709 000185 1
001837 000078 1
001739 000155 1
001680 000213 1
001805 000090 1
001832 000080 1
001494 000717 1
001447 000760 1
001829 000084 1
001499 000715 1
001439 000766 1
001837 000079 1
001804 000090 1
001799 000096 1
001500 000712 1
001465 000743 1
001433 000780 1
001483 000725 1
001441 000769 1
001446 000763 1
001641 000239 1
001417 000796 1
001759 000132 1
001818 000088 1
001840 000074 1
001422 000792 1
001726 000169 1
001826 000082 1
001487 000728 1
001800 000095 1
001445 000762 1
003868 002522 1
001500 000715 1
001670 000217 1
001491 000720 1
001819 000082 1
001653 000231 1
001451 000755 1
001834 000078 1
001714 000182 1
003864 002508 1
001778 000113 1
001771 000122 1
001449 000758 1
001463 000743 1
001816 000087 1
001497 000720 1
001440 000770 1
001700 000196 1
001683 000208 1
001760 000131 1
001634 000240 1
001774 000116 1
001426 000783 1
001494 000722 1
001476 000732 1
001822 000083 1
001679 000213 1
001427 000786 1
001652 000228 1
003864 002527 1
001814 000084 1
001443 000767 1
001634 000242 1
001799 000097 1
001770 000123 1
001649 000233 1
001667 000222 1
003867 002526 1
001721 000173 1
001716 000180 1
001438 000769 1
001798 000096 1
001738 000158 1
001714 000181 1
001743 000150 1
001495 000717 1
001423 000785 1
001762 000130 1
001494 000718 1
001738 000155 1
001652 000230 1
003863 002521 1
001476 000731 1
001820 000083 1
001470 000736 1
003866 002517 1
001648 000236 1
003865 002516 1
003865 002521 1
003867 002520 1
001643 000238 1
001454 000752 1
001819 000087 1
001456 000751 1
001499 000718 1
001632 000242 1
001478 000733 1
001448 000758 1
001756 000138 1
001641 000240 1
001499 000716 1
001765 000126 1
001464 000744 1
001744 000152 1
001688 000205 1
001768 000123 1
001452 000755 1
001834 000076 1
001671 000219 1
001823 000084 1
001780 000112 1
001422 000785 1
001737 000156 1
001493 000719 1
001477 000730 1
001487 000727 1
001826 000081 1
001416 000796 1
001752 000140 1
001435 000773 1
001647 000236 1
001764 000130 1
001424 000785 1
003866 002526 1
001439 000770 1
001732 000165 1
001447 000762 1
001747 000144 1
003863 002514 1
001430 000782 1
001426 000786 1
003866 002518 1
001483 000722 1
001491 000723 1
001711 000184 1
001710 000185 1
001707 000188 1
001632 000243 1
001488 000718 1
001489 000721 1
001439 000767 1
001496 000722 1
001445 000764 1
001766 000125 1
001639 000241 1
003863 002511 1
001629 000247 1
001829 000078 1
001702 000194 1
001695 000198 1
001791 000102 1
001488 000719 1
001822 000085 1
001425 000786 1
001485 000728 1
001453 000752 1
001745 000149 1
001678 000212 1
001627 000247 1
001710 000187 1
001750 000142 1
001454 000753 1
001675 000217 1
001482 000727 1
001437 000773 1
001833 000079 1
001834 000080 1
001826 000080 1
001762 000131 1
001479 000726 1
001441 000766 1
001703 000190 1
001423 000794 1
001659 000226 1
003863 002517 1
001428 000778 1
001423 000793 1
001458 000750 1
001492 000719 1
001632 000245 1
001720 000174 1
003865 002512 1
001668 000220 1
001792 000102 1
001805 000091 1
001451 000757 1
001437 000768 1
001754 000140 1
001485 000729 1
001414 000796 1
001752 000142 1
001834 000077 1
001649 000231 1
001491 000724 1
001717 000179 1
001810 000091 1
001806 000093 1
001828 000078 1
001809 000087 1
001815 000086 1
001740 000156 1
003867 002523 1
001696 000199 1
001790 000101 1
001841 000080 1
001794 000099 1
001625 000249 1
001421 000787 1
001661 000224 1
001434 000771 1
001476 000733 1
001689 000205 1
001717 000178 1
001493 000720 1
001831 000080 1
001434 000776 1
001649 000234 1
001461 000744 1
001731 000164 1
001781 000111 1
001744 000151 1
001819 000084 1
001480 000732 1
001757 000136 1
001444 000761 1
001419 000793 1
001629 000246 1
001752 000139 1
001432 000781 1
001691 000201 1
003866 002509 1
001481 000726 1
001486 000727 1
001498 000717 1
001430 000776 1
001497 000721 1
001828 000079 1
001776 000118 1
001755 000139 1
001456 000752 1
001683 000210 1
001795 000098 1
001679 000214 1
003867 002514 1
001800 000094 1
001419 000792 1
001420 000794 1
001839 000074 1
001739 000153 1
001424 000788 1
001423 000795 1
001815 000085 1
001785 000108 1
001771 000121 1
001710 000183 1
001488 000725 1
001826 000084 1
001647 000233 1
001452 000757 1
001461 000747 1
001498 000716 1
001671 000217 1
001482 000724 1
001415 000795 1
001758 000136 1
001809 000089 1
001794 000098 1
001458 000747 1
001442 000767 1
001670 000221 1
001742 000154 1
001804 000091 1
001723 000172 1
001725 000170 1
001825 000079 1
001774 000120 1
001810 000088 1
001495 000714 1
001424 000783 1
001475 000730 1
001650 000231 1
001422 000791 1
001633 000243 1
001664 000224 1
001834 000075 1
001805 000092 1
001658 000225 1
001471 000736 1
001643 000239 1
001833 000080 1
001444 000764 1
001487 000719 1
001827 000078 1
001656 000228 1
001802 000095 1
001813 000088 1
001434 000777 1
001772 000122 1
001812 000090 1
001440 000766 1
001843 000076 1
001797 000096 1
001468 000738 1
001723 000171 1
001694 000198 1
001646 000235 1
001480 000728 1
001674 000215 1
001767 000124 1
001446 000759 1
001769 000123 1
001843 000074 1
001489 000720 1
001705 000189 1
001441 000768 1
001742 000150 1
001769 000124 1
001497 000718 1
001486 000721 1
001496 000719 1
001423 000787 1
001834 000079 1
001468 000736 1
001740 000154 1
001743 000153 1
001489 000717 1
001479 000725 1
001767 000123 1
001640 000239 1
001450 000757 1
001826 000079 1
001740 000152 1
001694 000201 1
003866 002507 1
001474 000733 1
001814 000085 1
001436 000771 1
001808 000089 1
001817 000087 1
001478 000726 1
001709 000186 1
001757 000137 1
001460 000748 1
001470 000734 1
001441 000765 1
001717 000180 1
003866 002520 1
001424 000787 1
001722 000173 1
001714 000180 1
001462 000742 1
001451 000758 1
001698 000194 1
001666 000223 1
001753 000140 1
001830 000081 1
001634 000245 1
001496 000716 1
001647 000231 1
001770 000121 1
001426 000789 1
001428 000784 1
001730 000166 1
001447 000758 1
001489 000724 1
001445 000765 1
001630 000247 1
001653 000228 1
001780 000113 1
001764 000131 1
001834 000082 1
001637 000238 1
001449 000760 1
001766 000127 1
001808 000092 1
001638 000238 1
001465 000740 1
001438 000773 1
001433 000777 1
001682 000208 1
001822 000081 1
001813 000090 1
001663 000226 1
001470 000739 1
001807 000093 1
001832 000076 1
001436 000769 1
001469 000737 1
001732 000161 1
001653 000229 1
001455 000751 1
001818 000087 1
001472 000737 1
001627 000249 1
001793 000102 1
001734 000158 1
001476 000734 1
001840 000077 1
001638 000236 1
001481 000730 1
001495 000723 1
001757 000138 1
001632 000241 1
003866 002511 1
001789 000103 1
001430 000784 1
001648 000233 1
001631 000241 1
001496 000721 1
001489 000723 1
001821 000084 1
001479 000727 1
001495 000718 1
001786 000106 1
001492 000725 1
001429 000781 1
001482 000726 1
001735 000158 1
001681 000209 1
001474 000732 1
001444 000766 1
001651 000231 1
001751 000143 1
001488 000724 1
001477 000729 1
001665 000220 1
001723 000173 1
001415 000799 1
003864 002522 1
001458 000748 1
001472 000735 1
001471 000734 1
001488 000721 1
001628 000246 1
001417 000794 1
001715 000179 1
001460 000746 1
001692 000202 1
001779 000112 1
001742 000153 1
001440 000768 1
001691 000203 1
001482 000729 1
001723 000170 1
001417 000799 1
001479 000728 1
001785 000110 1
001821 000082 1
001726 000170 1
001436 000772 1
001727 000170 1
001662 000225 1
001422 000794 1
001475 000734 1
001482 000723 1
001824 000082 1
001665 000224 1
001811 000086 1
001649 000235 1
001428 000788 1
001788 000107 1
001835 000075 1
001777 000117 1
001667 000221 1
001467 000738 1
001831 000078 1
001784 000108 1
001630 000246 1
001470 000738 1
001483 000728 1
001780 000114 1
001659 000228 1
001429 000787 1
001715 000180 1
001485 000727 1
001791 000103 1
003866 002515 1
001834 000081 1
001668 000221 1
001754 000139 1
001683 000207 1
001697 000198 1
001631 000243 1
003865 002523 1
001801 000095 1
001642 000239 1
001494 000715 1
001707 000187 1
001424 000790 1
001623 000248 1
001785 000106 1
001660 000225 1
003867 002524 1
003864 002523 1
001685 000208 1
001460 000745 1
001660 000227 1
001442 000765 1
001737 000159 1
001486 000726 1
001735 000160 1
001739 000156 1
001669 000219 1
001418 000790 1
001810 000086 1
001741 000154 1
001648 000234 1
001472 000736 1
001709 000187 1
001498 000719 1
001464 000742 1
001472 000734 1
003864 002515 1
001485 000726 1
001663 000223 1
001422 000789 1
001490 000718 1
001791 000101 1
001415 000794 1
001428 000785 1
001713 000182 1
001763 000128 1
001654 000227 1
001817 000085 1
001815 000084 1
001427 000783 1
001414 000797 1
001434 000772 1
001727 000169 1
001814 000089 1
001748 000145 1
001827 000084 1
001424 000791 1
001755 000137 1
001841 000074 1
001657 000229 1
001797 000100 1
001443 000762 1
001727 000167 1
001422 000790 1
001500 000717 1
003865 002524 1
001466 000739 1
001633 000242 1
001842 000076 1
001479 000731 1
001822 000086 1
001800 000098 1
001652 000232 1
001789 000105 1
001419 000790 1
001420 000796 1
001631 000245 1
001730 000165 1
001691 000202 1
001655 000231 1
001489 000725 1
001768 000125 1
001709 000184 1
003865 002520 1
001625 000246 1
001809 000092 1
001814 000088 1
001497 000717 1
001790 000105 1
001828 000082 1
001770 000122 1
001788 000103 1
001840 000080 1
001423 000792 1
001421 000796 1
001642 000237 1
003867 002511 1
003868 002519 1
001658 000227 1
001649 000230 1
001436 000770 1
001778 000116 1
003868 002527 1
003868 002528 1
001415 000798 1
001702 000192 1
001642 000236 1
001662 000223 1
001661 000227 1
001455 000750 1
001798 000097 1
001424 000792 1
001722 000172 1
003865 002508 1
001735 000161 1
001830 000084 1
001806 000092 1
001425 000784 1
001832 000077 1
001759 000134 1
001677 000213 1
001465 000741 1
001682 000211 1
001415 000797 1
001425 000782 1
001625 000248 1
001760 000135 1
001831 000082 1
001817 000086 1
001791 000104 1
001479 000732 1
001683 000209 1
001433 000775 1
001692 000201 1
001634 000241 1
001644 000236 1
001703 000191 1
001772 000121 1
001713 000183 1
001836 000082 1
001631 000242 1
001487 000720 1
001439 000769 1
001811 000090 1
001445 000761 1
001681 000210 1
001816 000085 1
001731 000163 1
001780 000110 1
001807 000091 1
001483 000724 1
001458 000751 1
001729 000165 1
001461 000746 1
001430 000779 1
001777 000116 1
001502 000714 1
001665 000223 1
001437 000772 1
001460 000749 1
001767 000127 1
001420 000797 1
001693 000200 1
001654 000231 1
001660 000224 1
001822 000082 1
001761 000133 1
001482 000725 1
001452 000753 1
001828 000081 1
001670 000220 1
001650 000234 1
001770 000120 1
001421 000791 1
001732 000162 1
001723 000174 1
001785 000109 1
001819 000083 1
001756 000136 1
001501 000712 1
001479 000730 1
001728 000165 1
001500 000716 1
001817 000084 1
001819 000085 1
001421 000797 1
001839 000078 1
001817 000083 1
001426 000784 1
001813 000086 1
001431 000781 1
001765 000129 1
001701 000194 1
001797 000097 1
001643 000236 1
001665 000221 1
001731 000165 1
001497 000712 1
001499 000719 1
001766 000128 1
001443 000765 1
001465 000739 1
001499 000714 1
001416 000795 1
001767 000126 1
001793 000100 1
001446 000760 1
001699 000193 1
001630 000244 1
003866 002525 1
001659 000224 1
001838 000075 1
001684 000208 1
001645 000237 1
001468 000739 1
003867 002519 1
001444 000765 1
001712 000184 1
001679 000211 1
001761 000134 1
001428 000781 1
001484 000722 1
003866 002523 1
001421 000789 1
001635 000240 1
001641 000238 1
001776 000116 1
001767 000125 1
001774 000119 1
001827 000080 1
001698 000197 1
001486 000724 1
001777 000113 1
001418 000793 1
001492 000721 1
001677 000215 1
001483 000726 1
001455 000753 1
001652 000233 1
001782 000108 1
001486 000723 1
001806 000089 1
001464 000740 1
001641 000235 1
001734 000161 1
001806 000091 1
001716 000179 1
001737 000155 1
001491 000722 1
001769 000122 1
001474 000730 1
001798 000095 1
001700 000193 1
001773 000118 1
001781 000113 1
001701 000195 1
001820 000085 1
001712 000183 1
001799 000098 1
001423 000784 1
001654 000232 1
001498 000718 1
001697 000196 1
001718 000177 1
001468 000741 1
001718 000176 1
001718 000178 1
001432 000778 1
001766 000129 1
001787 000107 1
001776 000114 1
001490 000721 1
001687 000205 1
003868 002529 1
001432 000782 1
001487 000722 1
003868 002521 1
001471 000735 1
001794 000101 1
001458 000746 1
001737 000158 1
001732 000163 1
001651 000232 1
001499 000712 1
001724 000171 1
001454 000754 1
001769 000121 1
001676 000212 1
001793 000103 1
001429 000782 1
001771 000119 1
001755 000136 1
001775 000118 1
001675 000215 1
003867 002517 1
001783 000111 1
001480 000724 1
001799 000094 1
001430 000780 1
001624 000247 1
001638 000241 1
001459 000746 1
001424 000794 1
001435 000776 1
001428 000779 1
001653 000230 1
001721 000175 1
001840 000079 1
001672 000215 1
001417 000798 1
001703 000193 1
001763 000132 1
001842 000075 1
001756 000137 1
003867 002525 1
001415 000796 1
001753 000141 1
001438 000772 1
001815 000087 1
001832 000083 1
001463 000744 1
001745 000151 1
001812 000087 1
001494 000719 1
001714 000183 1
001772 000120 1
001639 000236 1
001685 000207 1
001675 000214 1
001668 000222 1
001711 000182 1
001436 000774 1
001488 000722 1
001803 000094 1
001843 000078 1
001730 000163 1
001446 000762 1
001420 000793 1
001695 000200 1
001654 000230 1
001622 000249 1
001437 000774 1
001426 000791 1
001745 000150 1
003866 002528 1
001635 000242 1
001430 000777 1
001686 000205 1
001800 000097 1
001464 000743 1
001419 000798 1
001428 000786 1
001675 000216 1
003865 002522 1
001663 000224 1
001781 000110 1
001717 000177 1
001655 000226 1
001448 000759 1
001823 000085 1
001628 000248 1
001435 000770 1
001462 000745 1
001801 000093 1
001794 000102 1
001635 000244 1
001420 000788 1
003865 002517 1
001676 000216 1
001682 000209 1
001792 000100 1
001792 000104 1
001467 000737 1
001804 000093 1
001719 000177 1
001443 000764 1
003864 002511 1
001705 000188 1
001624 000249 1
001426 000788 1
001501 000715 1
001636 000240 1
001839 000077 1
001781 000109 1
001673 000217 1
001492 000718 1
001426 000787 1
001833 000083 1
001662 000222 1
001452 000754 1
001811 000088 1
001425 000788 1
001814 000086 1
001844 000077 1
001449 000759 1
003866 002516 1
001633 000245 1
001836 000078 1
001713 000184 1
003866 002514 1
001724 000169 1
001827 000085 1
001487 000725 1
001635 000239 1
001498 000713 1
001805 000094 1
003863 002518 1
001797 000095 1
001656 000229 1
001749 000146 1
001773 000120 1
001674 000218 1
001638 000237 1
001655 000227 1
001425 000787 1
001433 000778 1
001490 000723 1
001747 000145 1
001830 000082 1
001439 000772 1
001636 000242 1
001471 000733 1
001455 000749 1
001785 000107 1
003865 002515 1
001478 000731 1
001422 000793 1
001418 000795 1
001459 000749 1
001711 000186 1
001468 000740 1
001833 000078 1
001763 000130 1
001736 000158 1
001758 000134 1
003868 002526 1
001640 000235 1
001450 000756 1
001445 000763 1
001763 000131 1
001818 000085 1
001799 000095 1
001795 000097 1
001433 000773 1
001762 000132 1
001828 000080 1
001765 000127 1
001436 000773 1
001416 000797 1
001687 000207 1
001839 000079 1
001485 000720 1
001462 000746 1
001623 000250 1
001626 000246 1
001725 000168 1
001828 000084 1
001758 000137 1
001429 000785 1
004008 003306 0
003174 002072 0
003913 003493 0
003024 001647 0
003036 001176 0
003478 000692 0
003288 002379 0
004048 003393 0
003040 001689 0
003742 000467 0
003975 001986 0
001662 000875 0
002782 001446 0
003019 001838 0
003391 000035 0
002905 001369 0
003939 002626 0
002823 002682 0
003633 003480 0
002110 000931 0
003063 002133 0
003446 000892 0
002196 001146 0
002442 001944 0
002515 001294 0
003103 001096 0
001415 000203 0
002987 000965 0
003377 000864 0
003590 002896 0
001866 000490 0
004002 001575 0
003936 003776 0
003320 000532 0
003684 002978 0
002430 000673 0
003592 002008 0
002774 002622 0
002199 000857 0
001752 000059 0
002936 002783 0
001743 001306 0
003399 002998 0
003987 001020 0
002631 001341 0
003832 000630 0
002568 000357 0
004008 002417 0
003926 001660 0
003636 003037 0
001688 000726 0
001370 001029 0
001700 000387 0
003373 000746 0
001513 000612 0
002939 002092 0
001488 000387 0
003164 001664 0
003453 002395 0
003647 003298 0
001834 000997 0
002598 000406 0
003788 002820 0
002458 002331 0
002972 002214 0
000915 000494 0
003220 001084 0
003103 000495 0
003168 000403 0
002432 001023 0
002376 001838 0
002678 002604 0
003971 000621 0
001990 001699 0
001663 000154 0
003093 000413 0
001030 000362 0
002642 000322 0
002068 000377 0
002841 000814 0
000759 000096 0
001830 000607 0
003270 002565 0
003838 000968 0
003771 002088 0
001774 000852 0
003609 001514 0
002115 001005 0
003287 000248 0
004060 002146 0
003737 002453 0
001875 001524 0
003970 001061 0
002066 000667 0
003167 000467 0
001685 001156 0
002106 001173 0
002359 000671 0
000648 000019 0
001759 000359 0
002915 000019 0
003099 000347 0
001199 000412 0
003432 002336 0
002652 001833 0
001701 000174 0
003847 000004 0
004009 001780 0
001595 000742 0
002835 002263 0
002010 001217 0
002625 002206 0
003448 002607 0
002551 001527 0
002213 000487 0
002514 000349 0
000973 000123 0
001659 001203 0
002097 001891 0
003701 002655 0
002369 000814 0
002688 002304 0
001707 000883 0
003821 000701 0
003630 002287 0
004026 000974 0
003656 003040 0
003651 003347 0
002594 002107 0
002366 000471 0
003246 000236 0
003956 002275 0
003178 002039 0
002702 001563 0
002555 000612 0
003089 002914 0
003960 003594 0
001970 001149 0
002197 001450 0
003995 002035 0
002790 001061 0
003219 001471 0
001132 000052 0
002161 001457 0
000457 000370 0
003293 001033 0
003601 000763 0
003817 003047 0
003785 002573 0
003045 000610 0
003180 002720 0
003450 003221 0
002452 000217 0
003944 000235 0
001840 001687 0
003239 000298 0
000763 000187 0
002908 001591 0
003873 001769 0
003700 002175 0
002729 002423 0
003099 002075 0
001159 000726 0
002881 000141 0
003724 000047 0
003196 000968 0
002524 001775 0
004023 001977 0
003092 000589 0
003220 000695 0
003537 001763 0
001556 000763 0
003312 003046 0
003182 002978 0
003415 000896 0
003872 001982 0
003649 002596 0
003817 000086 0
002837 001805 0
002512 001206 0
003221 001669 0
002455 001498 0
003887 002935 0
004066 002771 0
003292 000954 0
001446 000460 0
002754 001567 0
002107 002013 0
003740 003152 0
002332 000758 0
003672 000263 0
004023 001422 0
001743 001162 0
001410 000197 0
001539 001043 0
002770 001527 0
001276 000947 0
002863 001772 0
002117 001157 0
003760 001034 0
001312 000948 0
003530 002500 0
002968 001076 0
002943 000971 0
003834 002380 0
001433 000523 0
003083 000659 0
002539 001021 0
001055 000713 0
002316 001036 0
002326 001113 0
002580 001892 0
002361 000881 0
003262 002860 0
003898 001315 0
003312 001008 0
000341 000238 0
002098 001328 0
001264 000707 0
001928 000768 0
002690 002456 0
001759 001386 0
000358 000029 0
003671 002542 0
004007 000725 0
003090 000491 0
002967 000596 0
002595 001051 0
002437 000639 0
003088 001391 0
003389 003312 0
002836 001665 0
003080 001160 0
003651 001829 0
001578 001223 0
003000 000984 0
002893 001581 0
003309 002802 0
001350 000411 0
003691 002434 0
003872 000695 0
004013 003370 0
003111 000278 0
000881 000322 0
000748 000104 0
003645 002269 0
003208 001571 0
003388 001167 0
003366 001303 0
002274 001068 0
003275 001994 0
002723 000889 0
002015 000168 0
002396 000880 0
001303 000663 0
001477 000274 0
002450 000308 0
001337 001077 0
003628 001350 0
002920 001358 0
003349 002493 0
001332 000334 0
003213 001627 0
002983 002248 0
001506 000206 0
003247 002280 0
003593 001547 0
002645 000161 0
002247 000540 0
003786 000238 0
001727 000788 0
003953 003661 0
003564 000681 0
002480 001922 0
002590 001416 0
002537 002315 0
003846 000072 0
003192 000045 0
001334 000308 0
003928 003139 0
001307 000531 0
002649 000519 0
001597 000108 0
003724 001541 0
003206 002389 0
003202 001417 0
001833 000959 0
003264 002914 0
002179 001570 0
003950 000475 0
002846 001060 0
002797 001264 0
001855 000149 0
001131 000003 0
001771 001132 0
003538 003221 0
001566 000810 0
003552 000528 0
003819 001453 0
002734 000979 0
002091 000545 0
001271 000879 0
002246 001573 0
001375 001228 0
003413 002137 0
003819 002008 0
003756 002506 0
002120 001838 0
000732 000490 0
001137 000608 0
002768 002714 0
000919 000563 0
001257 000063 0
002536 001064 0
001443 000557 0
002573 001504 0
003388 002244 0
000800 000271 0
003119 001364 0
002173 001268 0
001286 000366 0
002294 001085 0
002162 001892 0
003814 002650 0
001900 000534 0
003881 003774 0
002720 001313 0
003608 001435 0
001670 000765 0
003829 002934 0
002471 000476 0
002779 000119 0
001391 000103 0
002402 001052 0
003701 002778 0
003566 001434 0
003341 000892 0
002403 001276 0
003343 002661 0
004036 003405 0
003581 001218 0
003488 001266 0
003214 001089 0
002271 001783 0
001956 000986 0
002545 001474 0
002018 000347 0
002876 001237 0
001455 000411 0
001332 000389 0
000846 000083 0
003511 003384 0
003147 000855 0
000903 000718 0
003924 001212 0
002363 002196 0
002359 001015 0
002905 000053 0
002293 001819 0
003022 001520 0
002590 000262 0
003497 003242 0
004054 001128 0
003723 003664 0
001812 000865 0
003943 002554 0
004057 001556 0
003154 000713 0
002535 002293 0
001765 000482 0
003327 002905 0
002571 001795 0
001692 000674 0
003882 000555 0
003533 001732 0
002762 001209 0
001414 001181 0
001201 000008 0
002696 000652 0
003029 000590 0
002145 001461 0
000972 000143 0
003383 000838 0
002498 002345 0
000459 000124 0
001827 000588 0
001915 000406 0
003823 003182 0
000423 000354 0
002272 000011 0
003084 000934 0
002280 002096 0
003624 000860 0
001782 000979 0
003976 000767 0
001932 001117 0
003743 003445 0
002768 000601 0
003942 001086 0
002349 001189 0
003329 002657 0
002607 001958 0
003674 003046 0
002941 000512 0
003865 001331 0
003210 001157 0
003280 001677 0
002768 000092 0
003197 002322 0
003765 002747 0
001268 001062 0
002971 000393 0
003424 002771 0
003381 003182 0
004069 003982 0
003515 003063 0
003691 002245 0
003618 001847 0
003184 000104 0
003797 003314 0
003855 000661 0
002821 001442 0
003240 000979 0
004022 002018 0
002044 001217 0
004070 002427 0
003561 003024 0
002148 001892 0
002803 001548 0
001442 000090 0
001308 000753 0
000908 000733 0
003780 000716 0
003100 000881 0
003585 002916 0
001087 000533 0
003046 001266 0
002355 000040 0
003043 000946 0
003845 003158 0
000148 000028 0
003792 001531 0
003231 000086 0
002683 001011 0
002900 000273 0
001774 000189 0
003998 000835 0
003494 000109 0
002260 000565 0
002003 001715 0
001106 000298 0
002057 001720 0
001377 000889 0
002809 000904 0
003364 000094 0
003332 003055 0
003161 000290 0
001867 001758 0
002368 001106 0
002135 000206 0
002656 001420 0
002758 000736 0
002054 000857 0
001306 000110 0
002573 001024 0
003872 001420 0
003487 001161 0
002204 001841 0
002148 000051 0
001789 001536 0
003722 003022 0
002190 001399 0
003975 003255 0
001154 000698 0
003517 000582 0
000975 000280 0
003448 000317 0
003705 000377 0
002949 001619 0
001838 001494 0
003498 001226 0
002511 000061 0
003853 001677 0
003898 002474 0
002898 000872 0
001102 000632 0
001876 000433 0
000747 000493 0
001657 000803 0
001294 000205 0
002285 001895 0
002338 001978 0
001636 001352 0
000869 000565 0
002483 002015 0
003401 001279 0
001940 001256 0
003724 003603 0
002592 000365 0
003966 003504 0
002395 000743 0
002656 000260 0
002251 000494 0
002124 000800 0
003452 000344 0
002590 002207 0
000918 000463 0
000296 000050 0
001145 000412 0
002659 002521 0
002995 001956 0
003595 002239 0
003660 001693 0
001158 001023 0
003207 001612 0
002488 001071 0
002688 000678 0
001253 000231 0
001611 000793 0
002204 000768 0
003904 001454 0
001286 001120 0
001963 000890 0
002941 000839 0
003949 000611 0
003706 002972 0
003070 002311 0
001963 000351 0
001350 001013 0
003045 002237 0
003279 000586 0
002731 002135 0
004013 001093 0
003196 002289 0
002889 000067 0
003453 002690 0
003828 002645 0
002024 001831 0
003938 001599 0
003841 003783 0
003567 001521 0
004020 003566 0
000456 000043 0
001369 000704 0
002575 001410 0
002623 000577 0
003319 002741 0
003418 001962 0
002926 002454 0
002457 001325 0
004055 001440 0
003325 000257 0
000797 000584 0
003618 000239 0
003596 003407 0
002189 000370 0
002403 000814 0
001734 001172 0
001941 001390 0
002242 001028 0
001885 000540 0
003870 001479 0
003406 001953 0
001915 001251 0
003666 002783 0
003311 001237 0
003989 000628 0
003912 001650 0
003111 001126 0
003656 000836 0
001174 000227 0
001127 001034 0
003639 000526 0
001756 001459 0
002661 002397 0
003890 003187 0
002054 001284 0
001127 001068 0
003212 001142 0
002763 002452 0
003737 002024 0
003190 000294 0
002597 002419 0
003858 002134 0
003646 000308 0
003017 000893 0
002617 000375 0
001948 001773 0
003081 000560 0
003055 002598 0
003521 000691 0
001704 000599 0
003881 003420 0
003379 001467 0
003103 002287 0
000318 000103 0
002165 001641 0
001246 000449 0
002524 000686 0
003176 002874 0
003641 003340 0
003748 000048 0
001546 001302 0
001859 000988 0
002360 000307 0
001985 000628 0
002181 001758 0
001434 000184 0
001968 000188 0
001654 001437 0
000285 000182 0
002746 001558 0
002409 001486 0
003110 001009 0
002968 002899 0
003770 002425 0
002250 001030 0
003473 001925 0
002838 001862 0
002397 000387 0
002218 000948 0
002978 001665 0
003662 002647 0
001066 000760 0
000915 000114 0
003468 003082 0
003256 001224 0
002980 001991 0
003379 002056 0
003599 000111 0
002577 002451 0
003784 001521 0
003804 000300 0
003823 002554 0
002830 000861 0
003792 001886 0
003341 001495 0
001865 001497 0
002358 000113 0
003820 001716 0
001462 001229 0
002281 000466 0
003063 000336 0
001869 000779 0
003859 002237 0
000377 000222 0
002815 002618 0
003754 002989 0
003403 001141 0
002331 001480 0
004016 001836 0
003862 002423 0
003903 000280 0
002720 002059 0
001006 000275 0
002777 002588 0
002591 001819 0
002979 001520 0
002809 001579 0
003061 000422 0
002838 000467 0
000412 000229 0
002721 000168 0
001320 000745 0
002224 002135 0
003266 000898 0
000974 000679 0
001588 000048 0
002096 000189 0
001938 000984 0
003159 001768 0
002140 000560 0
004028 003626 0
002316 001978 0
003666 000053 0
003015 001964 0
001569 000485 0
000576 000524 0
003051 001459 0
003871 000691 0
003865 002119 0
002756 000882 0
002251 001493 0
002768 002053 0
003518 001879 0
002192 000872 0
003861 000289 0
003265 000275 0
002981 001343 0
001701 001579 0
000912 000488 0
003736 003213 0
003631 001884 0
002154 001687 0
002037 000169 0
003389 000608 0
002645 000409 0
001420 000643 0
003248 000990 0
003794 003620 0
002126 001424 0
001849 001096 0
001956 000241 0
003957 002988 0
004033 003591 0
002751 001012 0
001486 000224 0
003570 001046 0
002119 002017 0
000554 000212 0
001452 000690 0
001745 000983 0
001161 001020 0
001838 001201 0
003340 001487 0
002449 000130 0
001664 001104 0
003345 002076 0
002813 001645 0
003534 000638 0
001998 001825 0
002057 000257 0
002865 000835 0
002822 000585 0
003987 002969 0
003426 000756 0
002374 002263 0
003767 000001 0
002184 000179 0
000427 000345 0
001087 000765 0
001217 001071 0
003961 000073 0
003163 002630 0
002385 001200 0
002008 001839 0
001629 000389 0
003736 002528 0
003192 002690 0
002915 001143 0
000860 000139 0
000848 000199 0
003289 000013 0
002470 000746 0
001640 001438 0
002900 000190 0
003799 000248 0
002916 001217 0
004048 002927 0
002429 000329 0
004036 001272 0
002166 001979 0
003228 002899 0
002549 001102 0
002836 000416 0
003993 003596 0
003680 000564 0
002680 001591 0
001544 001432 0
003270 001605 0
003343 000507 0
002212 001693 0
000514 000435 0
002546 000454 0
002353 002062 0
003322 001985 0
002623 001116 0
003142 000616 0
002764 000672 0
002199 000405 0
003973 003724 0
003579 002725 0
003066 000032 0
002666 000910 0
002715 002404 0
003658 001855 0
003288 001920 0
003367 001959 0
000808 000137 0
002087 000339 0
001633 000587 0
003403 001744 0
004051 000995 0
002849 002113 0
003846 002301 0
000570 000344 0
001665 000710 0
003138 000349 0
002668 002063 0
002144 001314 0
003804 003543 0
003873 003628 0
000707 000052 0
002439 000955 0
001840 000366 0
000750 000571 0
001792 000181 0
003819 002709 0
002936 002471 0
003823 001592 0
003775 003613 0
002151 001593 0
001262 000089 0
002904 002115 0
003075 000917 0
002048 000596 0
001074 000556 0
003576 001685 0
003521 000507 0
002175 000205 0
003522 000793 0
002399 002337 0
002637 000147 0
002114 000168 0
003729 000868 0
003884 000339 0
002817 001875 0
002609 000861 0
003377 001598 0
003238 001468 0
003633 002563 0
001882 001452 0
002420 000637 0
002774 002041 0
003541 001811 0
003908 000102 0
003231 000679 0
003160 000852 0
003538 000012 0
003537 000931 0
002810 000389 0
002317 000905 0
003374 000020 0
002120 001503 0
004051 002043 0
002250 001740 0
003541 000923 0
003564 002101 0
003196 001172 0
002629 001619 0
004021 000084 0
003333 002285 0
002879 002286 0
003023 001592 0
002510 002367 0
002914 002122 0
000835 000071 0
003170 001322 0
002699 002320 0
001949 001312 0
003200 000955 0
002893 000262 0
003167 000160 0
001543 000479 0
003450 000623 0
001592 001185 0
002529 001956 0
002659 000684 0
003161 001374 0
003397 001274 0
002834 002327 0
000267 000114 0
002272 000133 0
001397 000711 0
003611 000077 0
003039 000471 0
002149 002089 0
003470 002490 0
001858 000679 0
002435 000014 0
002254 001931 0
003771 003360 0
004059 000944 0
001037 000628 0
004049 002147 0
002575 000645 0
002713 000934 0
003689 002382 0
002024 001103 0
003804 000387 0
000800 000136 0
002261 001927 0
001569 000853 0
001967 000083 0
003694 002065 0
003248 001316 0
001757 000115 0
000164 000049 0
003676 003334 0
002861 000761 0
001553 000196 0
001735 000298 0
003830 002072 0
002478 000364 0
003666 002934 0
002709 002203 0
003970 002760 0
002030 001209 0
002971 002415 0
003681 000835 0
001486 000936 0
003445 002802 0
001696 001186 0
002076 000480 0
002522 000279 0
003866 003288 0
002373 001810 0
002062 001607 0
001377 000211 0
003909 002857 0
003013 000595 0
002233 000509 0
003071 002690 0
003669 001061 0
002898 002213 0
003528 000676 0
000649 000237 0
002075 000959 0
002121 001540 0
002948 001721 0
003415 002214 0
003956 000231 0
002869 001087 0
002775 002477 0
003681 000047 0
004010 003559 0
003761 000985 0
002170 000181 0
001524 000817 0
003137 001647 0
004025 003183 0
003589 000335 0
000795 000198 0
002712 002205 0
003516 002704 0
003983 001356 0
002213 001211 0
003426 000539 0
003157 000040 0
003476 000098 0
003230 002509 0
003490 000415 0
003931 002747 0
002558 001774 0
004056 000860 0
001708 000604 0
002951 001222 0
003364 001621 0
002067 000514 0
003691 002923 0
003074 000572 0
002984 001111 0
001682 001117 0
002246 000586 0
002994 001017 0
003937 001849 0
002908 001913 0
001765 000053 0
001805 000272 0
003907 001259 0
003537 002389 0
003294 002267 0
000484 000318 0
001146 000875 0
003022 000795 0
003387 002311 0
002550 000141 0
000964 000339 0
001856 000920 0
001694 000494 0
003417 001331 0
002425 000762 0
003075 001990 0
002014 001909 0
001994 001013 0
001989 000728 0
003848 003361 0
003809 001850 0
002181 001272 0
002841 001205 0
003977 000750 0
003464 000030 0
002016 000692 0
004002 000412 0
003135 000545 0
001591 001003 0
003064 002392 0
001667 000033 0
003458 002264 0
002475 001462 0
003429 000227 0
002455 000167 0
003681 001006 0
002838 000015 0
002493 002195 0
003742 002598 0
001832 000896 0
002555 002287 0
003678 000573 0
003369 002640 0
003881 000618 0
002282 001287 0
003614 002263 0
004011 000722 0
003002 000034 0
003036 002562 0
002112 000383 0
003644 000951 0
003511 000191 0
002596 002525 0
003596 000742 0
003375 003122 0
002239 000467 0
002443 002112 0
002215 000703 0
003709 002814 0
001298 001034 0
002824 000396 0
000792 000581 0
003086 000628 0
002784 002417 0
001822 001655 0
003513 000028 0
002835 002352 0
002010 001723 0
001738 000029 0
003542 003307 0
003154 002981 0
001450 000133 0
003244 001242 0
003567 001791 0
003326 002601 0
000529 000228 0
003780 001777 0
003700 000410 0
000434 000273 0
001954 000476 0
001327 000592 0
003741 000808 0
002406 000261 0
003135 001991 0
001907 001512 0
003015 001602 0
002933 000166 0
002457 000810 0
002677 000443 0
002627 000971 0
002537 001166 0
002825 001506 0
003062 000297 0
000970 000781 0
002489 001689 0
002556 000661 0
002584 001899 0
002974 001604 0
003432 002268 0
003162 002185 0
004022 003262 0
000993 000694 0
003494 000156 0
002348 001200 0
003888 001090 0
004059 002442 0
001523 000817 0
003460 001542 0
002922 000295 0
002690 000516 0
000176 000008 0
002284 000092 0
002611 000409 0
002796 000190 0
002087 001308 0
003713 000558 0
003824 002322 0
003370 000733 0
003936 002882 0
002956 002704 0
002913 000716 0
002011 000430 0
003539 000231 0
002052 001413 0
003425 002332 0
003808 002499 0
003813 003477 0
000584 000531 0
004014 002409 0
004065 000453 0
003138 001589 0
000574 000418 0
001016 000277 0
003046 002817 0
003832 002924 0
003440 003292 0
003030 000176 0
003391 001134 0
002903 001878 0
003815 002679 0
004070 003587 0
003205 000255 0
002157 001026 0
003197 002050 0
002257 001587 0
000809 000209 0
002863 002404 0
001140 000368 0
003670 002118 0
003821 000721 0
003315 002400 0
002589 001852 0
001034 000469 0
002552 001691 0
003803 000204 0
003573 001530 0
003622 002943 0
002895 001842 0
001125 001041 0
002059 001542 0
003856 002873 0
002958 002335 0
003380 000323 0
003471 000475 0
003729 002282 0
003605 003245 0
000759 000516 0
003334 001438 0
002966 000368 0
003340 000403 0
003408 001852 0
001378 000480 0
003359 000612 0
002376 000475 0
003128 000116 0
003833 001351 0
003842 000659 0
003070 001357 0
001290 000389 0
003212 001902 0
002370 001451 0
003883 000921 0
003674 001618 0
003500 002846 0
003130 000516 0
003981 001652 0
003671 003038 0
003618 000800 0
003809 001448 0
003435 001789 0
002710 000999 0
003361 003247 0
002478 001383 0
003515 000650 0
004021 002634 0
003710 000651 0
003580 000247 0
003780 000718 0
003503 002408 0
003055 000696 0
002384 001145 0
003699 003079 0
003525 002829 0
002912 001226 0
003205 003066 0
001772 000447 0
003891 002293 0
001955 000710 0
003579 002935 0
001533 001162 0
002888 002681 0
002578 002424 0
003941 003159 0
002948 002499 0
004036 001601 0
002966 001891 0
003157 002201 0
002480 002072 0
003257 002167 0
001258 001044 0
003421 001283 0
003551 001523 0
001418 000483 0
002332 000846 0
002515 001041 0
002089 001962 0
001069 000564 0
002501 000970 0
003900 002092 0
003271 002367 0
003411 002926 0
003191 001780 0
004056 002647 0
001392 000672 0
001642 000185 0
003017 000117 0
002913 000012 0
001815 000643 0
000911 000389 0
003881 001958 0
002377 001564 0
002082 001079 0
001647 001220 0
003697 000560 0
001360 001100 0
003551 003247 0
003197 002475 0
003278 001491 0
003234 001688 0
002132 001962 0
003079 002395 0
003468 000207 0
003832 000017 0
001241 001015 0
003819 003641 0
003060 001114 0
001018 000075 0
003299 000195 0
001625 001531 0
003080 001851 0
000853 000295 0
002815 002664 0
003492 001324 0
003315 003039 0
002321 000504 0
003314 001761 0
003622 003196 0
003881 001170 0
002485 000281 0
003105 001085 0
001105 000375 0
003648 000879 0
002135 000902 0
002329 001672 0
000890 000345 0
002360 001859 0
003446 001096 0
003950 003707 0
002743 002139 0
003316 000986 0
002380 001368 0
002402 001859 0
003389 002523 0
003614 000741 0
003258 001439 0
001979 000982 0
004056 003307 0
003876 001221 0
002924 002469 0
003227 002719 0
002982 000745 0
003209 000781 0
003388 001178 0
003435 000344 0
000888 000200 0
002492 001183 0
003525 000829 0
002814 002376 0
002064 001222 0
003547 000857 0
000573 000491 0
001641 000495 0
003868 000024 0
004027 002923 0
003623 000122 0
003640 002347 0
003872 002668 0
002949 002892 0
002744 001202 0
003418 002308 0
003342 000077 0
003888 002001 0
003893 002344 0
003786 001257 0
002149 000542 0
000309 000120 0
001516 000275 0
001189 000343 0
003536 002256 0
002030 001041 0
002291 000510 0
002058 000720 0
003593 001420 0
002934 000196 0
000882 000039 0
002687 000435 0
001161 000387 0
001817 001431 0
003624 002131 0
001961 000816 0
002994 001831 0
002796 000517 0
003884 002360 0
003343 000399 0
002164 000301 0
002376 001341 0
002173 000248 0
003254 001639 0
003513 003094 0
003687 000659 0
004024 002803 0
000336 000109 0
003909 000202 0
002258 001304 0
002600 000686 0
001358 000025 0
002709 000085 0
002227 001795 0
003508 002797 0
004051 002249 0
003035 000193 0
003434 002465 0
004005 001146 0
002086 000602 0
001479 000194 0
003956 003751 0
001053 000732 0
001567 000999 0
002848 001975 0
003458 001556 0
003243 003124 0
003083 002166 0
003739 002720 0
001613 001355 0
001046 000892 0
002403 001250 0
003803 000117 0
002152 001535 0
003477 002085 0
003869 003024 0
002975 000440 0
003800 001996 0
002943 000605 0
004039 003412 0
001189 000183 0
004003 001473 0
001660 001312 0
002167 000427 0
002363 000929 0
003149 002091 0
003354 002043 0
003974 000071 0
002206 001107 0
002886 002617 0
002908 002225 0
003094 002195 0
000399 000202 0
001835 000594 0
002035 000562 0
002436 000839 0
002165 001352 0
003184 002093 0
001692 000440 0
000524 000088 0
001648 001305 0
002669 002591 0
001355 000904 0
003506 000902 0
002922 000153 0
004055 002794 0
001780 000983 0
003969 003899 0
000688 000599 0
002909 002381 0
001628 000435 0
003029 001806 0
001901 001095 0
002431 000212 0
001528 001083 0
001250 000645 0
003181 001516 0
000693 000139 0
001012 000553 0
003484 003292 0
001484 000626 0
003998 000350 0
002178 000015 0
002651 001611 0
003612 000733 0
001860 000285 0
003018 000422 0
003211 000930 0
001972 001334 0
002463 001597 0
003988 001424 0
001673 000572 0
001990 001579 0
003052 001417 0
002153 000789 0
004008 002311 0
003573 001420 0
002693 002026 0
003609 000184 0
000832 000690 0
001386 000777 0
003690 003554 0
003621 002417 0
001326 000799 0
002901 001354 0
003381 001311 0
003339 001195 0
003140 001334 0
001028 000151 0
003603 001103 0
003066 001972 0
002128 001005 0
002185 000909 0
001703 000173 0
002206 000322 0
003452 000131 0
002016 000236 0
002077 001218 0
000784 000693 0
003729 002134 0
003846 002737 0
003657 000569 0
000377 000044 0
000979 000256 0
003240 001484 0
002037 000265 0
002423 001055 0
003958 002956 0
001779 000605 0
003108 002797 0
003521 002065 0
003486 000867 0
003626 002681 0
003468 001315 0
002462 000237 0
003055 000354 0
002335 000416 0
003782 003633 0
003424 002758 0
001569 000713 0
002602 001055 0
002536 000916 0
002317 001034 0
001326 000092 0
000222 000086 0
002260 000586 0
000986 000232 0
003919 001124 0
003440 000076 0
000633 000363 0
002749 002160 0
003398 000874 0
003498 002582 0
004064 001807 0
001604 000139 0
001881 000995 0
002559 000174 0
002886 000952 0
003788 002840 0
002360 000731 0
003805 000542 0
003878 000684 0
002037 000240 0
002322 001487 0
003742 001587 0
001095 000097 0
003185 000504 0
001895 001471 0
003211 001168 0
002820 000967 0
003600 000230 0
003969 003324 0
003648 002099 0
000283 000128 0
001358 000043 0
003984 001579 0
003802 000847 0
002638 000120 0
003195 000763 0
001736 000070 0
001046 000526 0
002582 000251 0
002155 000757 0
002237 001662 0
001408 000954 0
000849 000332 0
002293 000611 0
003748 002042 0
001551 000311 0
004008 002512 0
003688 002892 0
003398 003080 0
002974 001153 0
000405 000175 0
001896 001423 0
003327 000267 0
003962 003366 0
002536 002210 0
001815 000664 0
003374 002093 0
000429 000235 0
003984 000910 0
001882 001701 0
003653 000761 0
001330 000903 0
002898 000461 0
003579 002091 0
002905 000525 0
001406 000724 0
003467 001581 0
001715 000537 0
000482 000289 0
002277 000771 0
001720 001526 0
002829 000935 0
000893 000150 0
003834 003028 0
002758 000200 0
002408 001040 0
002030 001091 0
003953 002721 0
002147 001754 0
002487 001074 0
002926 001501 0
003828 000041 0
003408 001488 0
002825 001536 0
003542 002749 0
004059 001536 0
001468 000292 0
001326 000605 0
001365 000347 0
002748 000276 0
001132 000505 0
001551 001218 0
003654 000883 0
002825 002608 0
003096 000706 0
002172 000459 0
002163 001814 0
002426 000680 0
001144 000522 0
001090 000195 0
003700 000464 0
001503 000477 0
002532 000932 0
002149 000313 0
001601 001503 0
003295 000491 0
002369 000955 0
003801 001293 0
001084 000001 0
001751 001144 0
000537 000201 0
002164 000082 0
001720 000400 0
003419 002311 0
002379 001732 0
001623 000308 0
000422 000311 0
002984 000794 0
001293 000814 0
003477 003295 0
002865 002811 0
001545 001354 0
002993 002217 0
004010 003395 0
003936 002429 0
003493 000104 0
004031 002400 0
003916 001821 0
003935 000760 0
002536 000063 0
001008 000794 0
001821 001762 0
003119 001674 0
003722 003401 0
001312 000454 0
003415 002228 0
001280 000718 0
002735 000112 0
004038 003066 0
003686 001643 0
002136 001246 0
000508 000340 0
003449 000056 0
002268 002042 0
003997 002043 0
003635 001689 0
004011 003334 0
003799 003019 0
003404 001895 0
001462 000459 0
003273 002681 0
003058 002961 0
003044 002456 0
003266 002692 0
003750 002751 0
003952 003005 0
003906 001970 0
003823 000713 0
003906 001590 0
000502 000268 0
002683 000724 0
001963 001635 0
002434 001925 0
003743 003290 0
002702 001516 0
003884 002757 0
003360 002988 0
003940 000281 0
003907 001129 0
003347 003206 0
002215 001002 0
004032 002235 0
002976 001185 0
003481 000776 0
003323 000929 0
003681 002030 0
003748 002061 0
002802 002131 0
003729 000546 0
002880 002759 0
003779 003082 0
002007 000369 0
002973 001412 0
001109 000232 0
003509 000829 0
003445 003320 0
000694 000005 0
003735 000236 0
003588 000019 0
000462 000371 0
004061 000241 0
001280 001177 0
001956 000310 0
004062 002375 0
002664 001587 0
002615 000419 0
003021 002448 0
003697 002970 0
003016 000039 0
002699 000115 0
004015 002730 0
003952 000346 0
003388 002432 0
003748 000788 0
001455 000481 0
001914 001832 0
004052 000524 0
000678 000256 0
001324 001103 0
002793 002164 0
002075 000315 0
000760 000136 0
003490 002826 0
003720 001803 0
003810 000867 0
003357 000403 0
003555 003140 0
002507 000535 0
002188 000522 0
002568 000282 0
001643 000871 0
004006 002223 0
002065 001204 0
003901 000350 0
002839 000844 0
003560 001272 0
001049 000896 0
003238 002821 0
001388 000938 0
003783 001531 0
002600 002136 0
002725 000855 0
002449 001838 0
003374 002983 0
003598 002858 0
003107 000640 0
002961 002351 0
001640 000295 0
003756 000431 0
003513 001361 0
002964 001611 0
002055 000832 0
004026 002480 0
002154 002018 0
001830 000444 0
003799 000564 0
001876 001666 0
002097 001990 0
001572 001482 0
002956 000052 0
002593 001294 0
003353 000865 0
001109 000797 0
002202 001665 0
001476 000833 0
002247 000563 0
003978 000546 0
002181 000856 0
001169 000573 0
003043 002179 0
002708 000413 0
003922 002365 0
003582 003151 0
002641 001349 0
003629 000767 0
000977 000639 0
001020 000775 0
003753 000241 0
000958 000432 0
002520 000851 0
002442 000853 0
003440 003080 0
001776 000547 0
003276 001222 0
003722 003104 0
003433 002765 0
002554 000411 0
003227 000322 0
001803 000359 0
002532 001212 0
002450 000641 0
003210 000444 0
002932 000703 0
003837 000428 0
003360 001192 0
003566 002435 0
000414 000282 0
003809 002840 0
002455 000321 0
003388 003232 0
001401 000498 0
002832 000712 0
004002 001317 0
001401 000422 0
001115 000450 0
000369 000197 0
000617 000398 0
002893 001145 0
003292 001194 0
003117 000345 0
002273 001945 0
001816 001066 0
001662 000130 0
002649 000204 0
002544 002058 0
001169 000165 0
003344 001203 0
002133 001890 0
004067 002013 0
002494 002396 0
002927 001258 0
000558 000173 0
002799 002068 0
003276 002728 0
004054 002183 0
003877 000264 0
002201 001666 0
002359 001507 0
001732 000931 0
001288 000885 0
003743 000610 0
002356 002134 0
003809 003454 0
001766 001054 0
003380 002872 0
003671 000762 0
003778 001028 0
003619 002072 0
000655 000370 0
003174 000879 0
001498 001151 0
002337 001102 0
002713 001696 0
001251 000897 0
002685 001420 0
000570 000342 0
001104 000215 0
000969 000589 0
003194 001728 0
003106 000178 0
003951 001034 0
003823 002880 0
003392 001275 0
003718 002804 0
002473 000336 0
001305 000431 0
002826 001200 0
003189 000754 0
002280 000325 0
001004 000016 0
001367 000154 0
001842 001172 0
002579 002252 0
004033 002902 0
002024 001710 0
003453 001475 0
003609 003045 0
003578 002812 0
003440 000302 0
001128 000536 0
003113 000692 0
002800 001539 0
002033 000009 0
003395 000839 0
003015 001293 0
003450 000885 0
001423 001312 0
003394 002848 0
001572 000257 0
001711 001251 0
002432 001838 0
002868 002440 0
002063 000901 0
000487 000144 0
004019 000134 0
004052 001799 0
003260 001507 0
002017 000466 0
003993 002920 0
003426 001061 0
002804 001011 0
002865 001678 0
000693 000138 0
003566 002685 0
000600 000529 0
001837 001280 0
003627 000537 0
000936 000731 0
001334 000661 0
001604 001215 0
000912 000554 0
000252 000070 0
003892 001555 0
003284 002777 0
002118 001100 0
003402 001524 0
003582 002792 0
003199 001354 0
001728 001321 0
003428 001935 0
003709 002577 0
003820 000225 0
003833 000793 0
001053 000680 0
002051 001529 0
002454 000098 0
001896 001680 0
003394 000528 0
004002 002244 0
002983 001991 0
003424 001387 0
002962 002878 0
002699 000967 0
002607 000591 0
003612 002621 0
003910 002240 0
004049 003866 0
002604 002172 0
002400 000771 0
002044 001086 0
003736 000615 0
002299 000452 0
003364 000842 0
001285 000088 0
002331 000892 0
003982 000551 0
001844 001482 0
001648 001162 0
003817 001392 0
001923 000698 0
002826 000843 0
003097 003031 0
002402 002212 0
001216 000192 0
003134 002945 0
002585 000130 0
001622 000541 0
003497 001227 0
003426 002538 0
002612 001163 0
002953 000524 0
001801 001042 0
003995 000155 0
003267 000563 0
002941 001486 0
002683 002574 0
003462 001205 0
002151 000337 0
001763 000589 0
001679 000928 0
002601 000183 0
003539 002115 0
002802 002569 0
001971 000832 0
002956 002849 0
002234 000817 0
003609 000172 0
003966 000706 0
003266 002454 0
002935 001900 0
001291 000498 0
003518 001757 0
003513 001569 0
002344 000316 0
002943 000200 0
000981 000545 0
001577 000282 0
001241 000905 0
003822 002900 0
002962 001483 0
001355 001270 0
003259 002902 0
003048 001882 0
003538 000584 0
003686 001413 0
002691 001855 0
003771 001709 0
001789 001349 0
003269 002868 0
001438 000519 0
003340 001518 0
003010 002400 0
001551 001351 0
003077 002597 0
001169 001050 0
003334 002611 0
001664 001471 0
002122 000907 0
003169 000059 0
003518 000084 0
001767 000590 0
001168 000864 0
003047 002914 0
003534 001771 0
003801 001561 0
003773 002965 0
001238 000869 0
003077 001506 0
002386 002248 0
001896 000369 0
003706 002642 0
002640 001033 0
002369 002055 0
001871 001129 0
002410 000918 0
001636 001500 0
002398 000042 0
001603 001072 0
001144 000362 0
003071 001962 0
003047 002167 0
002405 000693 0
002487 002319 0
003229 002046 0
001603 001183 0
001976 001357 0
002130 001192 0
002835 001333 0
003378 002791 0
003756 000626 0
004030 001594 0
002941 001387 0
001579 001264 0
003091 000126 0
003424 003209 0
003541 001873 0
001735 000222 0
000932 000683 0
000608 000198 0
003010 001288 0
001845 000979 0
003531 001835 0
002955 002289 0
002925 002730 0
003588 002213 0
001909 001478 0
003737 002330 0
003837 002586 0
002137 000766 0
003380 000538 0
004045 000337 0
002049 001012 0
002642 000945 0
003289 001350 0
002515 001444 0
002143 000760 0
003804 001846 0
003437 001517 0
003958 001176 0
000569 000256 0
003483 001587 0
001589 000052 0
002170 000797 0
003009 002331 0
003818 003296 0
001459 000296 0
001042 000020 0
003363 003225 0
002420 002213 0
003055 001228 0
